TRAJ	SHORT_TRAJ	AMP_TMP2M_mean	AMP_RH_mean	AMP_WS_mean	AMP_PREC_sum	PM2.5	SEASON
8	2	1.22244897959184	98.5510204081633	0.275510204081633	29.3	6.8	WINTER
2	1	0.255102040816327	98.5918367346939	0.128571428571429	0.3	8.53	WINTER
7	3	0.340816326530612	98.3061224489796	0.322448979591837	0	10.25	WINTER
2	3	-0.453061224489796	91.4897959183673	1.00408163265306	3.9	8.62	WINTER
5	3	-0.844897959183673	93.8367346938775	0.189795918367347	5.1	6.8	WINTER
5	3	-0.0448979591836735	96.6734693877551	0.214285714285714	1.5	10.7	WINTER
5	3	-0.589795918367347	94.734693877551	0.540816326530612	0	17.14	WINTER
5	3	-2.17959183673469	89.2244897959184	0.948979591836735	0	18.05	WINTER
5	3	-9.03673469387755	84.5918367346939	0.373469387755102	0	19.42	WINTER
1	2	-9.50204081632653	81.7142857142857	0.204081632653061	0	14.6	WINTER
7	2	-5.60816326530612	83.1020408163265	0.189795918367347	0	9.98	WINTER
5	3	-1.99591836734694	82.8163265306122	0.438775510204082	0	27.67	WINTER
5	1	-5.80204081632653	84.265306122449	0.346938775510204	0	42.63	WINTER
2	5	1.41020408163265	91.3061224489796	2.08163265306122	15.9	7.35	WINTER
2	5	-0.0918367346938776	95.1836734693878	0.457142857142857	0	7.44	WINTER
2	2	-4.68979591836735	92.7755102040816	0.191836734693878	0	14.33	WINTER
2	1	1.59615384615385	70.4615384615385	0.741666666666667	0	11.88	WINTER
3	1	0.473684210526316	91.9473684210526	0.426315789473684	0.2	10.7	WINTER
9	3	-2.6575	81.475	1.47948717948718	0.1	18.32	WINTER
1	3	-10.85625	67.5	1.72708333333333	0.2	23.68	WINTER
1	3	-12.1571428571429	75.1836734693878	0.969387755102041	0	34.56	WINTER
1	3	-13.3224489795918	75.3673469387755	0.377551020408163	0	26.49	WINTER
5	3	-9.6	75.265306122449	0.457142857142857	0	49.26	WINTER
5	3	-5.77551020408163	76.1020408163265	0.430612244897959	0.3	63.86	WINTER
5	1	-2.1	95.3469387755102	0.253061224489796	1	67.67	WINTER
5	3	0.661224489795918	91.1836734693878	0.285714285714286	0	76.65	WINTER
1	1	-0.230612244897959	88.3877551020408	0.408163265306122	0	96.81	WINTER
6	5	0.791836734693877	81.8163265306122	0.902040816326531	9.5	21.5	WINTER
7	1	-1.88979591836735	94.9795918367347	0.283673469387755	0	7.98	WINTER
7	1	-3.2	81.1428571428571	0.395918367346939	0	8.44	WINTER
9	2	-5.68163265306122	73.2040816326531	0.518367346938776	0	11.25	WINTER
9	1	-6.11836734693878	73.5510204081633	0.357142857142857	0.1	11.52	WINTER
9	1	-4.42448979591837	76.7755102040816	0.342857142857143	0	12.43	WINTER
7	1	-3.59795918367347	72.2244897959184	0.408163265306122	0.1	15.51	WINTER
5	4	2.47142857142857	88.7959183673469	1.80612244897959	4.9	11.16	WINTER
5	5	6.41020408163265	85.6632653061225	1.99583333333333	12.8	3.17	WINTER
2	5	4.25102040816327	78.734693877551	1.68367346938776	9.5	16.24	WINTER
3	4	6.52448979591837	75.530612244898	3.16326530612245	12.4	6.26	WINTER
3	5	8.11632653061224	70.8775510204082	2.12244897959184	0.1	7.53	WINTER
3	4	3.73673469387755	94.1632653061225	0.86530612244898	23	2.36	WINTER
3	1	3.8265306122449	85.469387755102	0.357142857142857	0.2	4.63	WINTER
3	3	1.79183673469388	96.3265306122449	0.493877551020408	0.5	28.93	WINTER
5	3	-0.330612244897959	95.530612244898	0.636734693877551	13.9	17.05	WINTER
5	3	-0.230612244897959	94.1428571428571	0.646938775510204	24	4.08	WINTER
1	3	-1.3	91.6734693877551	0.236734693877551	2.7	7.98	WINTER
1	3	-0.591836734693878	90.734693877551	0.657142857142857	8.2	13.52	WINTER
1	3	-5.7530612244898	89.4489795918367	0.63265306122449	5	22.04	WINTER
1	3	-8.96632653061224	82.0714285714286	0.754166666666667	0	17.6	WINTER
5	3	-6.43979591836735	90.7244897959184	0.342857142857143	5.4	12.16	WINTER
6	4	3.10204081632653	89.1836734693878	3.88979591836735	13.8	7.62	WINTER
3	4	6.87878787878788	76.4242424242424	5.73030303030303	5.3	6.89	WINTER
2	3	-0.0521276595744681	92.6063829787234	1.22127659574468	32.9	6.09	WINTER
9	2	-6.15326086956522	88.6739130434783	0.593023255813954	0	11.81	WINTER
9	2	-6.02244897959184	82.2857142857143	0.63469387755102	0	10.69	WINTER
9	2	-0.848979591836735	74.6734693877551	0.961224489795918	0	10.43	WINTER
5	4	3.55102040816327	85.9591836734694	2.59183673469388	0.3	7.26	WINTER
9	1	1	96.5714285714286	0.257142857142857	33.5	3.36	WINTER
9	2	0.00408163265306121	82.8775510204082	0.385714285714286	0	5.9	WINTER
9	2	-1.28775510204082	62.8163265306122	1.93469387755102	1.5	15.87	WINTER
5	3	-1.93673469387755	54.0816326530612	1.5469387755102	0	14.97	WINTER
1	3	-2.90612244897959	87.530612244898	0.36530612244898	2	27.12	WINTER
1	3	-1.6530612244898	81.9591836734694	0.516326530612245	0.4	38.2	WINTER
1	3	0.548979591836735	77.1224489795918	0.53265306122449	0	27.12	WINTER
1	1	1.27755102040816	71.3877551020408	0.669387755102041	0	23.86	WINTER
1	5	5.26734693877551	72.6734693877551	1.69183673469388	0	19.77	WINTER
5	5	7.81224489795918	86.9387755102041	1.14489795918367	10	5.53	WINTER
5	5	6.66530612244898	95.1224489795918	0.389795918367347	29.8	7.62	WINTER
6	3	1.20612244897959	92.0204081632653	0.312244897959184	0.5	22.95	WINTER
9	1	3.36122448979592	67.8163265306122	0.648979591836735	0.1	25.76	WINTER
7	5	5.90408163265306	68.3877551020408	1.19591836734694	0	17.42	WINTER
7	5	6.2265306122449	77.8367346938775	0.857142857142857	0	25.76	WINTER
2	5	11.0734693877551	72.7755102040816	2.32040816326531	0	20.14	WINTER
5	5	10.6571428571429	74.3877551020408	3.68775510204082	6.8	12.34	WINTER
5	1	4.4469387755102	81.6734693877551	0.814285714285714	0.2	5.53	WINTER
5	5	9.97551020408163	66.1836734693878	1.74897959183673	0	11.79	WINTER
4	5	5.9	82.7755102040816	1.04285714285714	0.1	13.79	WINTER
4	1	10.5510204081633	71.2857142857143	1.11224489795918	0	12.61	SPRING
2	1	7.72448979591837	77.6734693877551	0.504081632653061	0.1	14.06	SPRING
2	2	5.56530612244898	88.2857142857143	0.681632653061224	11.2	4.17	SPRING
3	1	5.32040816326531	76.3673469387755	0.661224489795918	0	4.35	SPRING
2	1	9.02448979591837	72.734693877551	2.08163265306122	15.6	6.53	SPRING
9	3	0.295744680851064	95.8936170212766	0.234042553191489	15.7	7.89	SPRING
9	3	1.33469387755102	78.4285714285714	0.418367346938776	0	12.06	SPRING
6	1	4.8734693877551	67.5	0.546938775510204	0	12.06	SPRING
6	5	10.0591836734694	61.1020408163265	1.9265306122449	0.1	13.97	SPRING
5	4	12.4061224489796	68.469387755102	1.93265306122449	8.2	14.15	SPRING
7	2	4.81224489795918	86.030612244898	0.516666666666667	11.3	4.99	SPRING
4	2	5.40816326530612	80.3469387755102	0.455102040816327	1	8.71	SPRING
9	1	4.65714285714286	73.2244897959184	0.448979591836735	0	7.8	SPRING
6	5	10.0255102040816	51.765306122449	1.95833333333333	0	10.89	SPRING
5	5	12.5448979591837	60.530612244898	1.82857142857143	0	10.89	SPRING
5	5	7.78775510204082	82.7040816326531	1.00208333333333	0	8.44	SPRING
3	3	10.4734693877551	87.1224489795918	0.783673469387755	20.6	10.43	SPRING
3	3	9.41224489795918	85.4183673469388	0.28125	0.6	11.88	SPRING
2	2	9.63673469387755	72.7755102040816	0.436734693877551	0	15.24	SPRING
5	1	10.2142857142857	66.5918367346939	0.471428571428571	0	17.69	SPRING
5	1	11.2775510204082	67	0.506122448979592	0	17.96	SPRING
2	1	10.7918367346939	70.8163265306122	0.477551020408163	0	12.34	SPRING
5	1	12.5510204081633	61.9795918367347	0.659183673469388	0	11.07	SPRING
5	5	13.365306122449	57.1836734693878	0.904081632653061	0	7.62	SPRING
5	1	14.7673469387755	66.8163265306122	0.518367346938776	7.1	9.71	SPRING
5	3	11.1877551020408	94.1836734693878	0.218367346938776	16.7	5.9	SPRING
5	3	11.2448979591837	94.9795918367347	0.216326530612245	14	10.79	SPRING
5	3	8.20408163265306	94.469387755102	0.761224489795918	9.3	3.17	SPRING
9	3	4.79591836734694	94.2551020408163	0.375510204081633	7.7	2.99	SPRING
6	1	7.11632653061224	85.3265306122449	0.371428571428571	0.6	4.9	SPRING
9	1	9.27142857142857	83.6326530612245	0.659183673469388	0.3	5.44	SPRING
5	3	8.81530612244898	72.8775510204082	0.7125	0	11.88	SPRING
1	3	8.92380952380952	67.2142857142857	1.17142857142857	0	20.32	SPRING
1	3	9.21224489795918	63.7755102040816	0.904081632653061	0	27.39	SPRING
5	3	11.3673469387755	63.2244897959184	0.695918367346939	0	33.57	SPRING
1	3	8.96734693877551	71.7959183673469	0.606122448979592	0	10.89	SPRING
1	1	12.1857142857143	70.3265306122449	0.528571428571429	0	17.14	SPRING
1	1	10.5510204081633	88.4285714285714	0.479591836734694	16.1	10.61	SPRING
5	3	10.3979591836735	86.469387755102	0.602040816326531	2.1	13.97	SPRING
5	3	9.64897959183673	70.6938775510204	0.602040816326531	0	13.16	SPRING
2	5	13.7918367346939	62.8775510204082	1.29387755102041	0	16.33	SPRING
5	5	15.0632653061224	53	2.3530612244898	0	12.52	SPRING
5	5	10.7857142857143	87.9795918367347	0.491836734693878	5.6	6.26	SPRING
5	1	12.6163265306122	73.4489795918367	0.518367346938776	0	10.25	SPRING
9	5	16.5428571428571	67.1428571428571	1.40816326530612	0	13.24	SPRING
5	1	15.3510204081633	79.3265306122449	0.585714285714286	5.5	10.7	SPRING
5	1	19.0612244897959	63.9387755102041	1.4734693877551	0	17.14	SPRING
2	3	17.034693877551	68	1.29591836734694	0	11.07	SPRING
3	4	15.2102040816327	74.4897959183673	1.35510204081633	0	10.25	SPRING
3	5	16.1530612244898	71.7959183673469	1.52244897959184	0	13.15	SPRING
3	5	18.634693877551	63	2.19387755102041	0	15.42	SPRING
8	4	17.7897959183673	70.3877551020408	1.75714285714286	5.6	13.52	SPRING
8	3	7.86122448979592	95.5714285714286	0.408163265306122	40.7	3.17	SPRING
4	3	11.2612244897959	77.9387755102041	0.602040816326531	0	7.98	SPRING
8	1	15.0795918367347	68.3061224489796	0.869387755102041	0	7.98	SPRING
7	1	15.7448979591837	79.8979591836735	0.636734693877551	0	18.78	SPRING
2	1	17.2857142857143	72.6122448979592	1.94081632653061	4.8	13.43	SPRING
5	3	9.16938775510204	95.5510204081633	0.563265306122449	42.5	2.72	SPRING
4	3	2.99183673469388	96.530612244898	0.346938775510204	47.6	1.45	SPRING
9	2	7.38163265306122	77.6938775510204	0.591836734693878	1.8	3.81	SPRING
9	2	7.75102040816327	86.6734693877551	0.618367346938775	14.4	4.35	SPRING
6	3	8.95102040816326	89.265306122449	0.393877551020408	0.4	4.81	SPRING
6	2	12.0795918367347	77.6938775510204	0.695918367346939	13.5	3.72	SPRING
9	1	10.7428571428571	85.0612244897959	0.579591836734694	10.1	4.99	SPRING
9	3	8.28571428571429	92.3673469387755	0.393877551020408	4	2.54	SPRING
9	3	8.4265306122449	78.5102040816327	0.671428571428571	0.6	5.35	SPRING
6	3	9.6	72.3469387755102	0.644897959183673	0	9.98	SPRING
9	3	11.3612244897959	68.2040816326531	0.659183673469388	0	11.89	SPRING
9	2	11.2571428571429	84.4285714285714	0.56530612244898	2.2	6.62	SPRING
9	3	11.2081632653061	81.6122448979592	0.840816326530612	0	5.35	SPRING
9	3	14.0571428571429	72.5714285714286	0.571428571428571	0	11.25	SPRING
1	1	17.4224489795918	69.9795918367347	0.666666666666667	3.9	12.7	SPRING
5	1	17.1612244897959	75.3877551020408	0.514583333333333	2.5	14.73	SPRING
5	1	19.269387755102	72.9183673469388	0.626530612244898	0	16.78	SPRING
2	5	19.2408163265306	74.0408163265306	0.802040816326531	0	17.78	SPRING
2	5	21.3285714285714	63.0408163265306	1.05714285714286	0	15.87	SPRING
3	5	20.3755102040816	63.5714285714286	1.28979591836735	0	14.6	SPRING
3	5	20.934693877551	59.2857142857143	1.43265306122449	0	15.24	SPRING
3	5	22.269387755102	68.7142857142857	0.659183673469388	0	22.41	SPRING
3	5	21.4724489795918	73.2448979591837	0.691489361702128	0	25.04	SPRING
2	1	21.3795918367347	64.6530612244898	0.975510204081633	0	18.69	SPRING
5	3	19.9714285714286	78.9183673469388	0.622448979591837	0	15.97	SPRING
5	3	19.4775510204082	78.265306122449	0.577551020408163	0	16.42	SPRING
5	1	21.7673469387755	76.4489795918367	0.708163265306123	0	17.14	SPRING
5	5	22.3489795918367	65.1632653061225	0.912244897959184	0	18.23	SPRING
5	5	23.165306122449	66.0816326530612	0.73469387755102	0	22.31	SPRING
5	1	22.6775510204082	71.1632653061225	0.6	0	17.33	SPRING
5	3	22.1122448979592	80.8571428571429	0.869387755102041	0.9	15.78	SPRING
5	3	18.7224489795918	75.2448979591837	0.661224489795918	0.1	8.5	SPRING
6	3	18.6551020408163	69.8163265306122	0.875510204081633	0.1	9.98	SPRING
9	3	16.1285714285714	86.530612244898	0.8	2.4	9.62	SPRING
5	3	15.6163265306122	89.7551020408163	0.585714285714286	0.7	10.52	SPRING
1	3	14.8918367346939	76.2244897959184	0.779591836734694	0	15.51	SPRING
1	3	16.0755102040816	67.5102040816327	0.814285714285714	0	18.69	SPRING
1	1	20.7448979591837	60.0204081632653	1.10416666666667	0.5	15.87	SPRING
7	1	19.6795918367347	74.4489795918367	0.824489795918367	6.6	12.43	SPRING
7	3	17.4081632653061	81.2040816326531	0.361224489795918	0.7	10.7	SPRING
5	1	18.9102040816327	72.4285714285714	0.604081632653061	0	15.15	SPRING
5	1	18.0591836734694	69.9795918367347	0.575510204081633	0	13.97	SPRING
5	1	19.7979591836735	67.1836734693878	0.577551020408163	0	16.69	SPRING
5	3	21.5020408163265	69.3265306122449	0.646938775510204	0.1	17.42	SPRING
5	3	19.2285714285714	76.7755102040816	0.542857142857143	1.2	17.42	SPRING
5	3	21.9897959183673	64.0204081632653	0.702222222222222	0.1	16.33	SPRING
5	3	19.0448979591837	58.4795918367347	1.18863636363636	0	9.89	SPRING
9	3	16.45	57.9795918367347	1.02083333333333	0	6.89	SPRING
9	3	16.3040816326531	59.6632653061224	0.833333333333333	0	14.88	SPRING
6	1	16.865306122449	58.7040816326531	0.816666666666667	0	11.79	SPRING
6	1	19.3938775510204	58.3673469387755	0.724489795918367	0	12.61	SPRING
5	1	22.3836734693878	62.530612244898	0.712244897959184	0	24.58	SPRING
5	3	22.5959183673469	63.5918367346939	0.718367346938775	0	25.77	SPRING
5	3	23.4469387755102	62.5102040816327	0.744897959183674	0	26.12	SPRING
5	3	23.1265306122449	70.0816326530612	0.695918367346939	0	24.04	SPRING
5	1	21.4612244897959	76.8979591836735	0.559183673469388	0.7	18.41	SPRING
5	1	22.4571428571429	66.9591836734694	0.63265306122449	0.1	20.5	SPRING
5	1	21.7061224489796	67.6734693877551	0.714285714285714	0	16.97	SPRING
5	1	22.7714285714286	64.1632653061225	0.771428571428571	0	17.05	SPRING
5	1	23.1326530612245	64.2244897959184	1.31836734693878	0	16.24	SPRING
5	1	21.134693877551	73.8775510204082	0.56734693877551	1.4	12.61	SPRING
5	1	18.7163265306122	88.530612244898	0.451020408163265	28.9	7.8	SUMMER
9	3	14.6938775510204	94.2244897959184	0.36530612244898	5.5	2.99	SUMMER
5	3	15.3285714285714	96.3673469387755	0.653061224489796	19.5	3.9	SUMMER
5	3	12.1183673469388	93.6530612244898	0.424489795918367	38.7	2.99	SUMMER
9	1	14.6755102040816	76.8571428571429	0.612244897959184	0	6.53	SUMMER
9	1	15.6061224489796	83.9795918367347	0.410204081632653	8.8	6.35	SUMMER
9	2	15.6102040816327	80.8163265306122	0.442857142857143	2.2	5.35	SUMMER
9	2	16.5142857142857	72.265306122449	0.483673469387755	0.6	8.07	SUMMER
1	3	16.5081632653061	80.7551020408163	0.538775510204082	4.2	10.07	SUMMER
8	3	15.630612244898	76.6938775510204	0.469387755102041	0	7.8	SUMMER
9	3	13.0204081632653	89.9591836734694	0.428571428571429	19	6.53	SUMMER
9	3	11.9959183673469	94.3469387755102	0.512244897959184	47.1	2.81	SUMMER
9	1	12.1510204081633	89.2857142857143	0.455102040816327	7	2.9	SUMMER
9	5	13.8877551020408	90.0612244897959	0.616326530612245	22.9	5.26	SUMMER
9	5	14.8102040816327	77.5918367346939	0.928571428571429	4.7	3.45	SUMMER
9	1	16.7632653061224	75.3469387755102	0.822448979591837	2	2.81	SUMMER
2	5	20.9489795918367	68.3469387755102	1.74285714285714	0.1	7.71	SUMMER
2	4	18.930612244898	76.1020408163265	1.49387755102041	0.1	8.16	SUMMER
3	5	20.0897959183673	75.1224489795918	0.675510204081633	0.1	5.44	SUMMER
3	5	19.5	77.6734693877551	1.1530612244898	0	6.44	SUMMER
3	3	13.8755102040816	77.5714285714286	0.459183673469388	0.1	2.54	SUMMER
3	1	17.4755102040816	73.2040816326531	0.530612244897959	0.2	3.54	SUMMER
2	3	14.3632653061224	80.2244897959184	0.514285714285714	0.2	3.72	SUMMER
7	1	17.7551020408163	77.3265306122449	0.863265306122449	11.5	4.63	SUMMER
2	3	14.05	93.2244897959184	0.495833333333333	11.6	2.36	SUMMER
4	3	12.6530612244898	81.0510204081633	0.51063829787234	1.9	3.72	SUMMER
8	3	12.0602040816327	89.8163265306122	0.366666666666667	4.5	1.63	SUMMER
2	1	15.5755102040816	77.9387755102041	0.828571428571429	19.3	1.9	SUMMER
2	1	13.3357142857143	80.8979591836735	0.7	24.4	1.54	SUMMER
2	3	8.88775510204082	86.7551020408163	0.479591836734694	14.2	2.36	SUMMER
9	2	12.2857142857143	74.4081632653061	0.373469387755102	8	4.72	SUMMER
9	1	13.5122448979592	75.8673469387755	0.416326530612245	7.6	9.8	SUMMER
9	1	15.865306122449	77.5102040816327	0.477551020408163	4.4	10.07	SUMMER
2	5	16.865306122449	76.4489795918367	0.659183673469388	6.9	14.88	SUMMER
2	5	18.7755102040816	74.6326530612245	0.683673469387755	1.8	20.5	SUMMER
2	3	20.030612244898	78.1224489795918	0.493877551020408	0	17.51	SUMMER
3	3	18.6775510204082	80.3061224489796	0.551020408163265	0	15.51	SUMMER
9	1	17.7510204081633	84.3673469387755	0.491836734693878	0	15.39	SUMMER
9	3	12.1989795918367	93.6938775510204	0.472916666666667	0	5.44	SUMMER
9	3	10.1020408163265	77.4897959183673	0.724489795918367	0	9.16	SUMMER
6	3	11.0571428571429	77.4897959183673	0.589795918367347	0	11.61	SUMMER
6	3	12.3040816326531	80.5102040816327	0.491836734693878	0	17.33	SUMMER
5	3	11.6244897959184	77.4081632653061	0.491836734693878	0	17.24	SUMMER
7	1	13.2102040816327	78.9591836734694	0.436734693877551	0	20.87	SUMMER
5	1	16.1204081632653	81.3673469387755	0.587755102040816	0	18.32	SUMMER
5	5	15.9551020408163	93.4081632653061	0.36530612244898	0	21.32	SUMMER
5	3	14.9061224489796	95.1632653061225	0.73469387755102	0	15.24	SUMMER
5	5	15.0897959183673	92.2448979591837	0.428571428571429	0	9.16	SUMMER
5	3	14.5326530612245	91.8979591836735	0.244897959183673	0	5.99	SUMMER
5	2	13.9938775510204	87.7959183673469	0.297959183673469	0	6.71	SUMMER
5	3	13.3877551020408	78.3673469387755	0.359183673469388	0	4.08	SUMMER
9	3	12.8836734693878	75.1836734693878	0.412244897959184	0	9.52	SUMMER
5	3	13.2775510204082	80.7142857142857	0.557142857142857	0	15.06	SUMMER
9	3	10.5122448979592	73.7755102040816	0.626530612244898	0	8.07	SUMMER
9	1	12.5561224489796	80.6530612244898	0.542857142857143	0	12.16	SUMMER
5	1	13.9142857142857	79.9591836734694	0.710204081632653	0	12.7	SUMMER
5	3	16.5044444444444	71.9777777777778	1.28181818181818	0	21.41	SUMMER
5	3	13.5864583333333	81.4270833333333	0.625	0	21.14	SUMMER
5	1	12.9428571428571	79.9183673469388	0.406122448979592	0	16.87	SUMMER
2	1	12.6102040816327	80.2857142857143	0.412244897959184	0	13.52	SUMMER
5	5	13.4530612244898	80.734693877551	0.820408163265306	0	20.59	SUMMER
5	5	16.9020408163265	80.3265306122449	1.40408163265306	0	18.14	AUTOMN
5	5	18.0204081632653	77.5102040816327	1.6530612244898	0	16.69	AUTOMN
5	4	18.8530612244898	73.2244897959184	3.53469387755102	0	16.88	AUTOMN
3	4	13.7510204081633	88.8979591836735	0.928571428571429	0	7.08	AUTOMN
2	3	10.9489795918367	90.9591836734694	0.146938775510204	0	8.35	AUTOMN
7	3	8.56734693877551	82.6122448979592	0.395918367346939	0	6.53	AUTOMN
9	1	12.1387755102041	81.9387755102041	0.461224489795918	0	7.35	AUTOMN
9	3	7.11428571428571	78.3061224489796	0.542857142857143	0	5.53	AUTOMN
9	3	8.19591836734694	79.9795918367347	0.410204081632653	0	10.8	AUTOMN
5	3	8.59795918367347	81.8163265306122	0.414285714285714	0	18.6	AUTOMN
6	3	8.94897959183674	83.1020408163265	0.430612244897959	0	22.95	AUTOMN
5	3	8.98367346938775	83.469387755102	0.351020408163265	0	24.4	AUTOMN
5	3	9.93061224489796	85.0612244897959	0.43469387755102	0	27.67	AUTOMN
5	3	8.25714285714286	82.2857142857143	0.628571428571429	0	27.22	AUTOMN
5	3	6.19183673469388	78.8367346938775	0.56734693877551	0	18.87	AUTOMN
5	3	3.58163265306122	80.3469387755102	0.622448979591837	0	10.62	AUTOMN
1	3	3.34081632653061	78.7959183673469	0.495918367346939	0	12.7	AUTOMN
1	1	4.05	81.0869565217391	0.451020408163265	0	13.52	AUTOMN
1	1	10.6857142857143	77.3469387755102	1.19387755102041	0	11.52	AUTOMN
5	4	12.2448979591837	90.5714285714286	0.779591836734694	0	7.62	AUTOMN
5	5	12.8836734693878	91.6734693877551	0.510204081632653	0	5.35	AUTOMN
5	5	13.5183673469388	86.734693877551	0.685714285714286	0	7.62	AUTOMN
5	4	15.7918367346939	82.0612244897959	2.5530612244898	0	10.07	AUTOMN
3	4	14.5163265306122	88.8979591836735	2.07142857142857	0	8.35	AUTOMN
3	5	11.5612244897959	83.8367346938775	0.648979591836735	0	7.8	AUTOMN
3	5	13.430612244898	80.9387755102041	1.32244897959184	8.1	10.71	AUTOMN
3	5	12.7244897959184	79.1224489795918	0.463265306122449	0	13.7	AUTOMN
3	5	12.8622448979592	83.6530612244898	0.404166666666667	0	15.7	AUTOMN
3	1	8.81224489795918	92.3877551020408	0.355102040816327	0	11.16	AUTOMN
3	3	3.78367346938776	83.0816326530612	0.581632653061224	0	7.53	AUTOMN
7	1	5.67551020408163	78.3265306122449	0.446938775510204	0	10.98	AUTOMN
9	5	5.96734693877551	89	0.612244897959184	18.3	4.54	AUTOMN
9	2	-1.19591836734694	77.2857142857143	0.646938775510204	0.1	6.35	AUTOMN
9	1	-1.03367346938776	74.0816326530612	0.577083333333333	0	6.17	AUTOMN
6	1	1.62959183673469	73.8265306122449	0.91875	0	6.44	AUTOMN
9	5	4.9530612244898	75.8367346938775	1.09387755102041	0	13.43	AUTOMN
9	1	3.58979591836735	79.7959183673469	0.297959183673469	0	15.97	AUTOMN
9	1	4.19183673469388	76.734693877551	0.395918367346939	0	13.33	AUTOMN
2	5	10.8102040816327	72.4081632653061	1.42857142857143	0	13.15	AUTOMN
2	5	8.85510204081633	79.6122448979592	1.30408163265306	0	15.88	AUTOMN
2	2	1.26530612244898	73.265306122449	0.771428571428571	0	6.53	AUTOMN
2	5	7.28979591836735	67.0408163265306	1.76122448979592	0	8.89	AUTOMN
3	1	5.77142857142857	86.3877551020408	0.655102040816327	1.1	12.52	AUTOMN
9	1	7.7265306122449	70.7142857142857	1.47755102040816	0	5.62	AUTOMN
9	5	10.9040816326531	75.0612244897959	1.72244897959184	0	11.34	AUTOMN
2	5	13.134693877551	71.4489795918367	2.13469387755102	0	7.98	AUTOMN
9	5	12.1938775510204	85.3061224489796	2.14081632653061	2.3	8.98	AUTOMN
2	4	12.7326530612245	75.5102040816327	2.16530612244898	0.1	12.79	AUTOMN
2	1	10.0755102040816	80.9183673469388	0.889795918367347	0	10.25	AUTOMN
2	1	6.82040816326531	95.9387755102041	0.414285714285714	20.9	7.35	AUTOMN
3	5	7.28367346938775	90.8367346938775	0.854347826086957	16.8	5.35	AUTOMN
5	2	4.55816326530612	92.469387755102	0.43695652173913	24.8	2.18	AUTOMN
2	1	2.51875	85.6041666666667	0.323913043478261	0	4.99	AUTOMN
4	5	12.5132653061224	83.4081632653061	2.12291666666667	1.1	8.07	AUTOMN
4	5	7.52244897959184	84.5204081632653	0.68125	0	10.97	AUTOMN
2	5	5.0265306122449	87.1020408163265	0.33125	0	12.25	AUTOMN
2	1	6.62604166666667	87.9375	0.257446808510638	0	11.16	AUTOMN
5	3	5.92978723404255	90.2340425531915	0.419148936170213	0	15.97	AUTOMN
5	3	5.97755102040816	88.6734693877551	0.626530612244898	0	18.32	AUTOMN
5	1	3.68775510204082	80.6530612244898	0.414285714285714	0	22.41	WINTER
5	1	2.69591836734694	87.1020408163265	0.53469387755102	0	17.05	WINTER
2	5	8.80408163265306	81	1.94489795918367	0.1	15.33	WINTER
2	5	7.98367346938775	89.6938775510204	0.869387755102041	8.7	5.62	WINTER
2	5	10.5551020408163	86.9387755102041	1.53265306122449	1.8	11.79	WINTER
3	1	11.1938775510204	82.5714285714286	1.74081632653061	0.8	11.7	WINTER
3	4	9.63673469387755	91.469387755102	0.771428571428571	7.6	7.26	WINTER
3	4	10.8734693877551	81.7755102040816	2.2	9.1	7.26	WINTER
3	4	7.13061224489796	90.6734693877551	1.2734693877551	23.7	3.54	WINTER
3	3	3.84489795918367	94.6734693877551	0.263265306122449	2.9	4.08	WINTER
3	3	0.285714285714286	93.530612244898	0.216326530612245	0.5	7.44	WINTER
6	1	-0.957142857142857	96.6326530612245	0.285714285714286	0.7	8.44	WINTER
6	1	-2.3265306122449	91.3673469387755	0.189795918367347	0.1	13.7	WINTER
9	1	-1.20408163265306	83.8163265306122	0.224489795918367	0.1	6.8	WINTER
2	1	1.00204081632653	83.3469387755102	0.324489795918367	0.1	8.53	WINTER
7	5	7.39795918367347	84.2040816326531	1.36326530612245	0	10.25	WINTER
2	1	7.41632653061224	85.8775510204082	0.653061224489796	7.9	9.71	WINTER
2	3	0.569387755102041	92.2857142857143	0.844897959183673	18.4	3.63	WINTER
4	3	-0.895918367346939	85.1428571428571	0.887755102040816	0	7.98	WINTER
4	3	-2.2	86.8775510204082	0.269387755102041	0.1	7.71	WINTER
9	3	0.210204081632653	93.2857142857143	0.840816326530612	2.4	19.96	WINTER
9	3	-0.261224489795918	89.3673469387755	0.379591836734694	0	17.24	WINTER
9	2	-3.1469387755102	83.7755102040816	0.269387755102041	0	10.16	WINTER
5	1	-1.28775510204082	92.3061224489796	0.222448979591837	0	17.05	WINTER
9	3	0.424489795918367	89.5714285714286	0.508163265306122	0	6.71	WINTER
9	3	-3.1530612244898	81.8571428571429	0.43265306122449	0	10.52	WINTER
9	1	-4.91836734693878	83	0.218367346938776	0	13.24	WINTER
1	1	-0.193877551020408	83.7142857142857	0.748979591836735	0.1	12.88	WINTER
7	1	1.44897959183673	85.5510204081633	0.389795918367347	0	20.41	WINTER
2	1	2.34285714285714	87.3061224489796	0.983673469387755	0	16.15	WINTER
2	5	8.7530612244898	74.4285714285714	1.94081632653061	0	12.43	WINTER
3	5	8.39387755102041	84.9591836734694	2.48367346938775	33.2	2.09	WINTER
3	2	-0.744897959183673	95.3061224489796	0.230612244897959	26.8	3.17	WINTER
2	2	-2.6	95.8163265306122	0.283673469387755	0	4.63	WINTER
4	5	0.857142857142857	93.0612244897959	0.914285714285714	0	2.63	WINTER
4	1	0.23265306122449	88.3061224489796	0.281632653061224	0	6.35	WINTER
4	5	3.67959183673469	83.0204081632653	1.09183673469388	0	10.61	WINTER
9	5	3.39795918367347	84.6938775510204	1.07551020408163	1	11.88	WINTER
2	5	3.31836734693878	95.7142857142857	0.510204081632653	10.4	6.89	WINTER
4	1	5.2265306122449	87.4081632653061	0.726530612244898	0	9.71	WINTER
2	5	8.72040816326531	79.3877551020408	1.80612244897959	0	10.89	WINTER
2	5	9.9469387755102	69.0816326530612	2.63469387755102	0	9.52	WINTER
2	2	3.47755102040816	72.7040816326531	0.571428571428571	0	7.89	WINTER
2	1	1.95816326530612	76.2142857142857	0.75	0	8.44	WINTER
5	1	1.67857142857143	83.1530612244898	0.357446808510638	0	15.69	WINTER
2	5	7.63877551020408	88.1428571428571	1.14897959183673	0.8	13.15	WINTER
2	5	9.45652173913044	74.2608695652174	2.81739130434783	0.1	11.52	WINTER
3	5	6.04489795918367	78.7142857142857	1.36734693877551	0	16.13	WINTER
3	1	10.0061224489796	74.8775510204082	1.78775510204082	0	13.06	WINTER
3	5	8.86938775510204	79.1836734693878	0.889795918367347	6.1	11.79	WINTER
3	3	3.15714285714286	94.6938775510204	0.506122448979592	11.3	8.62	WINTER
3	4	2.37959183673469	95.265306122449	0.710204081632653	31.9	4.63	WINTER
3	4	0.720408163265306	92.3061224489796	0.977551020408163	19.5	4.45	WINTER
1	3	-3.62040816326531	90.5102040816327	0.508163265306122	4.4	3.54	WINTER
1	3	-5.81020408163265	85.1224489795918	0.279591836734694	0	12.97	WINTER
1	1	-5.06938775510204	87.6938775510204	0.361224489795918	0.2	10.25	WINTER
1	5	2.28571428571429	75.1632653061225	1.59795918367347	0	8.35	WINTER
2	5	0.571428571428571	80.5918367346939	0.773469387755102	0	8.25	WINTER
7	1	0.0857142857142857	82.9183673469388	0.6	0	11.34	WINTER
4	5	3.28571428571429	78.0408163265306	1.29183673469388	0	13.61	WINTER
4	2	1.15510204081633	77.6938775510204	0.577551020408163	0	17.78	WINTER
4	1	-0.0877551020408163	75.0816326530612	0.428571428571429	0	17.51	WINTER
4	2	-0.13265306122449	78.734693877551	0.593877551020408	0	8.07	WINTER
9	2	-1.15714285714286	70.1224489795918	0.418367346938776	0	13.24	WINTER
9	5	5.35510204081633	58.6326530612245	1.19183673469388	0	4.17	WINTER
4	4	5.78163265306122	80.3673469387755	1.96530612244898	12.2	11.25	WINTER
7	4	5.18163265306122	93.5714285714286	0.763265306122449	19.3	5.63	WINTER
3	4	6.56938775510204	89.2244897959184	1.95102040816327	10.5	2.63	WINTER
2	5	5.20408163265306	89.7755102040816	0.697959183673469	0.2	3.99	WINTER
3	1	4.43469387755102	91.2244897959184	0.346938775510204	0.4	1.9	WINTER
3	1	2.78163265306122	93.0408163265306	0.463265306122449	0.4	2.81	WINTER
3	1	5.63877551020408	88.265306122449	1.16734693877551	39.2	6.98	WINTER
3	2	0.930612244897959	93.9183673469388	0.320408163265306	0.2	4.26	WINTER
3	2	6.82857142857143	69.0612244897959	1.22244897959184	0.7	5.53	WINTER
2	2	3.53265306122449	91.5510204081633	0.3	1.4	5.9	WINTER
4	3	4.21632653061225	78.1428571428571	0.759183673469388	0	7.08	WINTER
9	3	1.8	91.1224489795918	0.828571428571429	0.7	9.07	WINTER
5	1	1.89591836734694	90.8571428571429	0.383673469387755	0	9.8	WINTER
5	1	1.1125	93.625	0.438775510204082	0	10.43	WINTER
5	1	5.40204081632653	92.0204081632653	0.5	1.6	8.25	WINTER
5	5	9.09795918367347	85.3877551020408	1.12244897959184	0	6.62	WINTER
5	5	6.34489795918367	84.0612244897959	0.53469387755102	0	7.89	WINTER
5	3	2.47551020408163	84.6530612244898	0.295918367346939	0	4.99	WINTER
5	1	3.55408163265306	85.3265306122449	0.308333333333333	1.1	10.7	WINTER
5	4	6.06530612244898	93.234693877551	0.927083333333333	27	15.78	WINTER
1	1	2.29183673469388	85.0612244897959	0.438775510204082	2	9.98	WINTER
5	1	3.68367346938776	77.1224489795918	0.579591836734694	0	5.08	WINTER
4	1	8.60816326530612	74.6326530612245	1.96326530612245	0	2	WINTER
4	4	10.3438775510204	70.9897959183673	2.84166666666667	0.1	5.81	WINTER
9	5	5.82040816326531	88.7755102040816	0.959183673469388	6.1	8.16	WINTER
3	5	6.01836734693878	87.9897959183673	1.57291666666667	0	0.36	WINTER
4	1	4.7030612244898	66.2448979591837	0.55625	0	4.72	WINTER
3	1	7.58367346938776	68.0204081632653	1.08571428571429	0.3	2.09	WINTER
7	1	10.5714285714286	53.8979591836735	1.31632653061224	0.6	4.17	WINTER
9	1	7.98979591836735	92.7755102040816	0.277551020408163	18	4.63	WINTER
2	3	7.08367346938776	93.0204081632653	0.420408163265306	14.3	1.36	WINTER
2	3	4.48367346938775	85.9591836734694	0.610204081632653	0	0.82	WINTER
2	2	6.73469387755102	55.8571428571429	2.30408163265306	0	3.27	WINTER
9	2	2.02755102040816	71.0102040816327	1.07021276595745	0	4.9	WINTER
9	3	3.72040816326531	70.469387755102	0.687755102040816	0	3.63	WINTER
9	3	5.4734693877551	70.265306122449	0.614285714285714	0	8.53	WINTER
9	3	6.88979591836735	69.4489795918367	0.628571428571429	0	10.89	WINTER
9	3	4.99387755102041	70.8367346938775	0.473469387755102	0	10.52	WINTER
4	1	5.49387755102041	66.0612244897959	0.489795918367347	0	10.43	WINTER
4	1	8.62244897959184	66.8979591836735	1.13061224489796	0	8.89	WINTER
2	4	10.5795918367347	68.5510204081633	3.47755102040816	2.2	11.98	WINTER
9	2	5.2741935483871	88.5161290322581	2.11290322580645	47.2	16.67	WINTER
4	2	0.823913043478261	91.3695652173913	0.197777777777778	3.6	0.09	WINTER
9	3	0.060204081632653	87.9183673469388	0.538775510204082	0	1	WINTER
9	3	1.43775510204082	76.6530612244898	0.83469387755102	0.1	3.36	WINTER
1	2	3.59591836734694	67.4897959183673	0.602040816326531	2.8	4.26	WINTER
5	3	1.96734693877551	84.8775510204082	0.589795918367347	3.8	5.26	WINTER
5	3	4.39489795918367	92.4893617021277	0.7625	10.7	2.63	WINTER
1	3	6.40714285714286	75.8775510204082	1.22291666666667	0.9	5.53	WINTER
1	3	6.33877551020408	60	1.24285714285714	0.1	16.33	WINTER
1	3	4.15918367346939	72.7755102040816	0.740816326530612	0	17.51	WINTER
1	3	5.64897959183673	79.530612244898	0.463265306122449	1	16.97	WINTER
1	3	5.38367346938776	92.7551020408163	0.312244897959184	4.2	12.25	WINTER
1	3	6.5	85.5510204081633	0.306122448979592	0	12.7	WINTER
5	3	7.95918367346939	76.6938775510204	0.422448979591837	0	15.24	SPRING
5	3	6.71428571428571	69.5102040816327	0.530612244897959	0	15.97	SPRING
5	1	9.11632653061224	71.3061224489796	0.912244897959184	1.1	14.97	SPRING
5	3	6.32040816326531	75.7755102040816	1.27142857142857	0.6	12.88	SPRING
6	3	3.55918367346939	64.2244897959184	0.697959183673469	0	13.34	SPRING
7	1	7.84489795918367	57.4897959183673	0.536734693877551	0	8.35	SPRING
9	1	9.79183673469388	62.1020408163265	0.740816326530612	0	3.69	SPRING
4	3	6.57959183673469	70.3061224489796	0.597959183673469	0	17.56	SPRING
4	1	9.56938775510204	66.0408163265306	1	0	9.28	SPRING
6	1	11.0040816326531	66.4489795918367	0.812244897959184	0	8.38	SPRING
9	3	10.2714285714286	65.1632653061225	0.748979591836735	0	9.48	SPRING
9	3	10.6591836734694	65.265306122449	0.644897959183673	0	8.88	SPRING
9	3	11.9244897959184	63.3673469387755	0.691836734693878	0	11.37	SPRING
9	3	11.5142857142857	59.5510204081633	1.02040816326531	0	14.17	SPRING
9	3	12.4183673469388	58.3469387755102	0.902040816326531	0	10.08	SPRING
6	3	8.85510204081633	57.4081632653061	1.13061224489796	0	10.87	SPRING
1	1	10.0979591836735	55.0408163265306	0.697959183673469	0	12.17	SPRING
5	1	13.9877551020408	48.0612244897959	1.55918367346939	0	11.97	SPRING
5	3	7.58367346938776	62.8367346938776	0.830612244897959	0	10.89	SPRING
4	5	11.934693877551	60.4897959183673	0.771428571428571	0	9.25	SPRING
4	3	9.81836734693877	61.530612244898	0.748979591836735	0	6.9	SPRING
4	3	9.53061224489796	63.0816326530612	0.706122448979592	0	11.34	SPRING
8	1	13.5775510204082	62.265306122449	0.661224489795918	0	6.71	SPRING
5	2	12.7591836734694	78.5510204081633	0.528571428571429	1.1	9.62	SPRING
9	3	11.4489795918367	70.765306122449	0.744897959183674	0	8.62	SPRING
5	3	10.0673469387755	70.1224489795918	0.980851063829787	0	12.16	SPRING
5	3	10.4836734693878	57.9081632653061	0.820833333333333	0	13.7	SPRING
2	3	11.965306122449	57.2448979591837	0.681632653061224	0	9.25	SPRING
5	1	15.6775510204082	65.6530612244898	0.757142857142857	0.7	11.52	SPRING
6	3	11.5	75.0612244897959	0.738775510204082	0	14.97	SPRING
1	3	11.4102040816327	50.2448979591837	0.924489795918367	0	10.98	SPRING
6	3	10.6816326530612	61.0816326530612	0.689795918367347	1.7	9.89	SPRING
5	5	11.2836734693878	82.3265306122449	0.733333333333333	1.7	8.71	SPRING
3	1	10.4285714285714	94.5714285714286	0.4625	49.3	3.99	SPRING
3	1	10.9918367346939	92.3061224489796	0.56530612244898	3.9	2.27	SPRING
3	1	12.8	79.6326530612245	0.651020408163265	0	3.54	SPRING
5	3	12.7673469387755	65.734693877551	0.710204081632653	0	5.81	SPRING
5	5	15.5816326530612	56.4489795918367	1.4734693877551	0	10.61	SPRING
5	5	12.369387755102	82.0816326530612	0.626530612244898	0	7.17	SPRING
5	1	15.0897959183673	73.734693877551	0.818367346938776	0	7.08	SPRING
5	5	17.5183673469388	65.6530612244898	1.88571428571429	0	9.34	SPRING
3	5	15.6265306122449	71.6326530612245	0.969387755102041	0	9.8	SPRING
3	5	18.3857142857143	60.9591836734694	1.45510204081633	0	10.07	SPRING
2	5	20.3632653061225	50.5510204081633	2.45714285714286	0	8.53	SPRING
3	5	12.2918367346939	79.265306122449	1.11224489795918	1	8.62	SPRING
3	3	10.6204081632653	86.0204081632653	0.497959183673469	9.6	5.62	SPRING
4	3	11.7387755102041	84.0408163265306	0.577551020408163	6.6	3.63	SPRING
9	3	8.79795918367347	68.1632653061225	0.897959183673469	0	5.08	SPRING
9	3	11.5510204081633	66.7959183673469	0.787755102040816	0	6.44	SPRING
9	3	14.4102040816327	76.1632653061225	0.651020408163265	0	6.8	SPRING
5	1	16.6673469387755	72.7959183673469	0.597959183673469	0	7.98	SPRING
5	2	19.3673469387755	72.530612244898	0.746938775510204	7.2	26.12	SPRING
5	2	22.3933333333333	69.2	0.913333333333333	1	13.15	SPRING
5	3	18.6170212765957	74.4255319148936	0.602127659574468	0	12.97	SPRING
5	3	18.6244897959184	74.1428571428571	0.561224489795918	0	21.68	SPRING
5	4	20.3020408163265	65.4897959183673	1.74285714285714	1	16.78	SPRING
5	4	15.3224489795918	86.8163265306122	1.03877551020408	50.8	16.96	SPRING
3	4	12.8877551020408	85.7142857142857	1.11632653061224	15.2	9.25	SPRING
4	4	10.9183673469388	86.8979591836735	0.630612244897959	7.8	4.63	SPRING
5	3	8.18695652173913	87.3913043478261	0.35	2	3.27	SPRING
4	1	11.8428571428571	76.3877551020408	0.508163265306122	0	4.08	SPRING
9	1	13.5142857142857	81.5918367346939	0.744897959183674	1.5	7.89	SPRING
2	3	14.0265306122449	87.2857142857143	0.422448979591837	4.8	7.89	SPRING
9	3	16.9918367346939	79.7142857142857	0.587755102040816	2.1	9.34	SPRING
9	3	16.4632653061224	85.3061224489796	0.608163265306122	1.6	16.24	SPRING
9	3	16.5714285714286	82.469387755102	0.916326530612245	0.3	9.98	SPRING
5	3	14.5938775510204	91.8571428571429	0.493877551020408	3.3	10.79	SPRING
5	3	15.8367346938776	88.469387755102	0.383673469387755	9	10.07	SPRING
5	3	15.5673469387755	87.3061224489796	0.422448979591837	0.2	11.8	SPRING
5	3	17.5204081632653	76.6326530612245	0.548979591836735	0	13.61	SPRING
5	1	17.7510204081633	82.1428571428571	0.448979591836735	1.4	22.41	SPRING
5	1	18.2244897959184	85.8775510204082	0.469387755102041	17.4	17.33	SPRING
5	1	16.4734693877551	91.1224489795918	0.357142857142857	3	13.24	SPRING
5	5	17.4367346938776	83.6734693877551	0.430612244897959	0.2	6.35	SPRING
3	5	19.8387755102041	75.2040816326531	1.49795918367347	0	10.79	SPRING
3	4	20.2183673469388	74.4081632653061	1.75102040816327	9.1	19.96	SPRING
5	5	18.2836734693878	74.3469387755102	0.959183673469388	0	12.34	SPRING
3	5	19.8938775510204	67.7959183673469	1.35714285714286	0	16.24	SPRING
3	5	18.6884615384615	78.9615384615385	1.74897959183673	0	11.34	SPRING
3	1	20.6530612244898	69.1632653061225	0.812244897959184	0	11.97	SPRING
8	5	23.2040816326531	68.5714285714286	0.879591836734694	0	16.69	SPRING
3	5	22.8081632653061	66.1632653061225	1.56122448979592	0	17.33	SPRING
8	1	22.4979591836735	61.8979591836735	1.70816326530612	0	18.87	SPRING
2	5	16.9551020408163	71.4489795918367	0.646938775510204	0	15.78	SPRING
8	5	18.9551020408163	64.469387755102	0.912244897959184	0	9.43	SPRING
8	5	24.6673469387755	58.3877551020408	2.62857142857143	0	10.89	SPRING
3	5	16.3591836734694	63.265306122449	1.84285714285714	0	23.4	SPRING
8	3	15.5775510204082	77.5714285714286	0.726530612244898	33	7.44	SPRING
8	3	13.9959183673469	76.265306122449	0.624489795918367	0	5.17	SPRING
6	1	16.7204081632653	79.9183673469388	0.659183673469388	3.2	3.27	SPRING
9	1	15.1020408163265	76.8571428571429	0.516326530612245	0	9.98	SPRING
2	1	19.2367346938776	65.8979591836735	0.902040816326531	0	8.16	SPRING
2	5	19.5020408163265	70.5918367346939	1.63877551020408	2.6	13.61	SPRING
2	5	20.674358974359	63.6153846153846	1.68461538461538	0	9.07	SPRING
8	2	10.995652173913	90.0217391304348	0.967391304347826	43.4	11.15	SPRING
4	2	12.8530612244898	75.2448979591837	0.714285714285714	0	5.27	SPRING
4	5	18.0938775510204	65.3673469387755	1.44081632653061	0	3.9	SPRING
4	5	25.0647058823529	52.9411764705882	1.21020408163265	0	8.62	SPRING
9	1	17.9605263157895	70.8947368421053	0.716326530612245	0	8.53	SPRING
2	5	20.9326530612245	65.6938775510204	1.74897959183673	8.4	14.88	SPRING
4	2	10.4673469387755	90	0.414285714285714	6.6	10.16	SPRING
9	3	10.4510204081633	86.2244897959184	0.516326530612245	0.5	1.45	SPRING
9	1	14.3836734693878	80.0408163265306	0.587755102040816	4.7	3.54	SPRING
9	1	16.4979591836735	72.7755102040816	0.593877551020408	0	5.17	SPRING
9	5	20.0387755102041	70.1224489795918	0.502040816326531	0	13.24	SPRING
2	5	20.9877551020408	68.2857142857143	0.602040816326531	0	13.79	SPRING
2	5	21.5265306122449	66.1020408163265	1.21020408163265	0	11.16	SPRING
5	5	23.0163265306122	62.1224489795918	1.20612244897959	0	18.2	SPRING
5	5	23.0836734693878	61.6326530612245	0.781632653061225	0	13.79	SPRING
2	1	23.0081632653061	66.4489795918367	0.446938775510204	0	22.5	SPRING
2	5	23.0183673469388	61.7755102040816	0.730612244897959	0	21.95	SPRING
3	5	22.2408163265306	60.3877551020408	0.893877551020408	0	21.23	SPRING
2	5	21.1387755102041	61.4285714285714	1.14489795918367	0	16.96	SPRING
3	5	24.8785714285714	48.2959183673469	2.2469387755102	0	13.43	SPRING
3	5	18.965306122449	74.9081632653061	1.32291666666667	3.3	17.05	SPRING
9	3	16.0357142857143	69.0102040816327	0.733333333333333	0	10.7	SPRING
3	3	17.2591836734694	62.2448979591837	0.663265306122449	0	5.9	SPRING
9	3	20.5816326530612	60.0408163265306	0.620408163265306	0	8.98	SPRING
2	3	22.7857142857143	59.4285714285714	0.740816326530612	0	10.43	SPRING
9	3	19.2530612244898	70.1632653061225	0.822448979591837	0	13.06	SPRING
4	2	11.4755102040816	89.7142857142857	0.708163265306123	30.4	9.52	SPRING
4	3	11.1102040816327	74.4489795918367	0.779591836734694	0	3.27	SPRING
9	3	13.8734693877551	66.1428571428571	0.589795918367347	0	7.44	SUMMER
9	1	17.9040816326531	64.3061224489796	0.679591836734694	0	8.8	SUMMER
9	1	14.1469387755102	91.2244897959184	0.455102040816327	4.7	13.33	SUMMER
9	3	14.6816326530612	74.1428571428571	0.695918367346939	0	9.16	SUMMER
9	3	14.9387755102041	68.7142857142857	0.828571428571429	0	12.25	SUMMER
9	3	17.4122448979592	69.8979591836735	0.612244897959184	0	8.8	SUMMER
9	1	18.4142857142857	70.7142857142857	0.569387755102041	0.2	14.88	SUMMER
9	5	19.2673469387755	72.734693877551	0.922448979591837	0	18.33	SUMMER
5	5	15.7551020408163	84	0.638775510204082	31	17.51	SUMMER
5	3	15.2285714285714	93.6122448979592	0.430612244897959	24.7	10.16	SUMMER
9	2	15.1102040816327	91.5714285714286	0.438775510204082	6.7	6.53	SUMMER
9	5	18.3510204081633	80.469387755102	0.961224489795918	0.1	4.44	SUMMER
9	1	17.7844444444444	85.3777777777778	0.613333333333333	7.8	10.7	SUMMER
9	1	18.9612244897959	82.1836734693878	0.508163265306122	0	12.25	SUMMER
5	1	20.5122448979592	74.265306122449	0.426530612244898	0	14.33	SUMMER
3	5	20.2673469387755	74.6122448979592	1.17959183673469	0	9.71	SUMMER
3	3	19.9591836734694	77.4897959183673	0.863265306122449	1.6	16.78	SUMMER
7	3	17.134693877551	81.8571428571429	0.555102040816327	0	6.8	SUMMER
8	3	17.9734693877551	78.4081632653061	0.557142857142857	0	4.26	SUMMER
8	5	15.834693877551	83.9795918367347	0.875510204081633	9	12.06	SUMMER
9	5	16.7551020408163	75.3265306122449	1.05102040816327	14.3	7.53	SUMMER
9	1	19.2	80.5510204081633	0.875510204081633	4.2	7.26	SUMMER
7	1	16.9061224489796	79.1836734693878	0.93265306122449	6.4	7.89	SUMMER
3	1	20.4408163265306	82.1428571428571	0.536734693877551	0	4.26	SUMMER
9	3	19.7265306122449	84.9183673469388	0.457142857142857	0	7.26	SUMMER
5	1	18.4857142857143	75	0.520408163265306	0	11.07	SUMMER
5	1	19.7244897959184	73.2244897959184	0.489795918367347	0	7.71	SUMMER
5	3	20.9979591836735	73.9183673469388	0.759183673469388	2.8	10.34	SUMMER
5	1	18.2	86.2448979591837	0.924489795918367	0.4	15.6	SUMMER
6	3	14.1183673469388	93.9591836734694	0.624489795918367	10.3	16.6	SUMMER
6	3	12.7571428571429	86.5510204081633	0.502040816326531	0	3.9	SUMMER
9	3	14.4367346938776	76	0.785714285714286	0	13.97	SUMMER
9	3	13.3755102040816	77.8571428571429	0.636734693877551	0	7.08	SUMMER
4	1	14.8081632653061	73.2244897959184	0.883673469387755	22.3	5.9	SUMMER
9	3	6.97142857142857	93.469387755102	0.416326530612245	24.6	6.8	SUMMER
9	2	9.28163265306122	75.7551020408163	0.746938775510204	0.3	3.81	SUMMER
6	2	8.38571428571429	85.0816326530612	0.66530612244898	10.6	3.27	SUMMER
6	2	10.3387755102041	93.265306122449	0.393877551020408	3.4	2.54	SUMMER
6	1	14.0265306122449	79.1428571428571	0.53469387755102	0	3.81	SUMMER
9	1	14.5632653061224	75.8775510204082	0.820408163265306	0.1	3.17	SUMMER
4	1	15.8387755102041	74.265306122449	1.3530612244898	22.2	4.35	SUMMER
9	3	9.99285714285714	83.3469387755102	0.589583333333333	2	6.8	SUMMER
9	3	11.2489795918367	76.2448979591837	0.526530612244898	0	2.59	SUMMER
9	1	11.1367346938776	77	0.530612244897959	0	2.81	SUMMER
9	1	12.6489795918367	79.3469387755102	0.526530612244898	0	6.08	SUMMER
9	1	15.2387755102041	77.0204081632653	0.53265306122449	0	10.43	SUMMER
9	1	15.6816326530612	80.3469387755102	1.02244897959184	0	10.79	SUMMER
5	5	17.0836734693878	81.5918367346939	1.74897959183673	7.6	17.96	SUMMER
2	4	14.4918367346939	84.0408163265306	1.83673469387755	29.5	14.88	SUMMER
9	3	6.5530612244898	85.3061224489796	0.740816326530612	0	9.25	SUMMER
9	3	6.44081632653061	76.1224489795918	0.651020408163265	0	3.99	SUMMER
9	3	7.19591836734694	76.6734693877551	0.616326530612245	0	5.99	SUMMER
6	1	8.62040816326531	77.7551020408163	0.540816326530612	0	7.89	SUMMER
6	3	9.40408163265306	77.3061224489796	0.53265306122449	0	13.24	SUMMER
5	1	12.1265306122449	79.8163265306122	0.381632653061225	0	21.5	SUMMER
5	1	10.8632653061224	76.2857142857143	0.746938775510204	0	29.48	SUMMER
5	3	10.7469387755102	92.0204081632653	0.644897959183673	28.8	11.88	SUMMER
3	4	10.9265306122449	92.3265306122449	0.838775510204082	21.6	12.52	SUMMER
4	5	10.0989795918367	91.3367346938775	1.43333333333333	13.2	2.99	SUMMER
6	5	8.83469387755102	86.8979591836735	0.918367346938776	2.4	3.37	SUMMER
6	1	11.6632653061224	82.0612244897959	0.426530612244898	0	7.62	SUMMER
6	3	10.8091836734694	82.2857142857143	0.470833333333333	0	6.53	AUTOMN
9	1	12.1673469387755	83.0612244897959	0.485714285714286	0	10.16	AUTOMN
5	1	13.530612244898	81.6734693877551	0.471428571428571	0	17.51	AUTOMN
5	1	12.9836734693878	92.9387755102041	0.363265306122449	0.6	15.06	AUTOMN
5	1	16.0081632653061	87.2448979591837	0.620408163265306	6.8	10.61	AUTOMN
5	3	10.1204081632653	94.8775510204082	0.614285714285714	25.6	22.77	AUTOMN
1	3	8.82040816326531	89.469387755102	0.418367346938776	0	8.98	AUTOMN
1	3	7.29591836734694	82.8571428571429	0.581632653061224	0	13.25	AUTOMN
5	3	10.4204081632653	83.469387755102	0.724489795918367	0	18.87	AUTOMN
5	3	10.0102040816327	83.6326530612245	0.546938775510204	0	19.23	AUTOMN
5	3	9.49591836734694	84.9795918367347	0.679591836734694	0	25.4	AUTOMN
5	3	9.49591836734694	86.469387755102	0.444897959183673	0	29.48	AUTOMN
9	3	7.86122448979592	79.0612244897959	1.00612244897959	0	15.79	AUTOMN
9	3	2.71836734693878	76.2040816326531	0.597959183673469	0	9.62	AUTOMN
5	1	3.23673469387755	75.8979591836735	0.510204081632653	0	8.25	AUTOMN
6	5	5.63061224489796	67.265306122449	0.618367346938775	0	9.52	AUTOMN
6	5	6.0734693877551	69.2040816326531	0.646938775510204	0	8.8	AUTOMN
5	2	6.75526315789474	83.5263157894737	0.863265306122449	24.4	9.25	AUTOMN
2	2	7.72	71.9333333333333	0.726530612244898	0	7.08	AUTOMN
6	3	1.67647058823529	89.5882352941177	1.76326530612245	24.4	7.8	AUTOMN
6	3	2.57391304347826	92.8260869565217	1.42857142857143	37.7	4.9	AUTOMN
6	2	3.9734693877551	92.0612244897959	0.389795918367347	13.3	4.99	AUTOMN
1	3	4.3	93.8163265306122	0.359183673469388	1.3	4.63	AUTOMN
1	1	5.62857142857143	91.2244897959184	0.653061224489796	6.5	4.81	AUTOMN
5	3	4.71836734693878	93.1632653061225	0.402040816326531	16.6	7.44	AUTOMN
2	3	7.79795918367347	95.265306122449	0.389795918367347	0.9	8.53	AUTOMN
5	3	6.07959183673469	91.0612244897959	0.369387755102041	4.3	11.61	AUTOMN
5	1	5.36530612244898	93.0612244897959	0.371428571428571	0	7.35	AUTOMN
5	3	6.38085106382979	96.1702127659574	0.429787234042553	14.5	5.9	AUTOMN
5	2	6.58061224489796	77.9897959183673	1.18478260869565	0	7.89	AUTOMN
4	3	1.97448979591837	78.1020408163265	0.697826086956522	0	10.07	AUTOMN
9	3	3.58913043478261	86.2717391304348	0.377777777777778	0	6.8	AUTOMN
4	1	4.51122448979592	86.0918367346939	0.434042553191489	0	7.8	AUTOMN
5	1	6.51875	85.4583333333333	0.51875	0.3	6.53	AUTOMN
9	3	1.15531914893617	78.4468085106383	0.58695652173913	0	8.62	AUTOMN
6	1	-0.120408163265306	89.1224489795918	0.391836734693878	0	5.81	AUTOMN
6	1	5.21836734693878	74.2857142857143	0.859183673469388	0	9.71	AUTOMN
9	5	8.74489795918367	74.8775510204082	1.50204081632653	3	7.71	AUTOMN
9	1	1.88163265306122	94.3877551020408	0.726530612244898	27	11.16	AUTOMN
8	2	0.883673469387755	83.2244897959184	0.761224489795918	0	0.91	AUTOMN
8	5	6.15918367346939	80.7959183673469	1.31428571428571	0.9	4.35	AUTOMN
4	2	-1.00816326530612	87.3673469387755	0.448979591836735	0	9.43	AUTOMN
6	5	2.64897959183673	74.9387755102041	0.861224489795918	1.5	3.72	AUTOMN
9	1	1.75102040816327	91.9183673469388	0.691836734693878	2.9	5.17	AUTOMN
6	3	-2.26122448979592	84.9795918367347	0.43265306122449	0	11.43	AUTOMN
1	2	-0.916326530612245	76.1836734693878	1.55918367346939	0.3	6.53	AUTOMN
5	3	-1.74285714285714	87.1836734693878	1.43469387755102	6.4	12.79	AUTOMN
9	3	-0.704081632653061	91.734693877551	0.340816326530612	3.3	8.26	AUTOMN
1	3	-0.438775510204082	91.9591836734694	0.442857142857143	0	8.16	AUTOMN
5	1	-1.99387755102041	94.0204081632653	0.371428571428571	0	13.61	AUTOMN
5	5	5.86938775510204	83.6122448979592	2.03673469387755	0	9.98	AUTOMN
7	4	10.3142857142857	77.5510204081633	2.01224489795918	0	12.43	AUTOMN
7	4	11.9714285714286	74.8979591836735	1.89795918367347	0	11.89	AUTOMN
5	1	9.56734693877551	85.7959183673469	0.475510204081633	15.1	12.7	AUTOMN
3	5	7.88979591836735	93.4285714285714	1.19387755102041	5.3	10.52	AUTOMN
9	1	-0.526530612244898	94.8775510204082	0.312244897959184	4.8	6.17	AUTOMN
3	1	-0.157142857142857	95.4897959183673	0.202040816326531	0	2.99	AUTOMN
9	3	-3.31020408163265	90.5102040816327	0.328571428571429	0	6.99	AUTOMN
6	1	-1.02040816326531	85.0204081632653	0.404081632653061	0.3	23.13	AUTOMN
9	1	0.591836734693878	84.265306122449	0.428571428571429	0.1	19.42	AUTOMN
9	5	6.24897959183673	79.0612244897959	1.28571428571429	0.6	15.69	WINTER
2	5	8.23061224489796	86.1224489795918	2.67959183673469	6.8	13.61	WINTER
2	5	4.73877551020408	94.3265306122449	1.19591836734694	16.4	8.98	WINTER
2	2	-0.5	95.3673469387755	0.36530612244898	0	3.63	WINTER
4	1	-0.714285714285714	93.7142857142857	0.253061224489796	0	8.35	WINTER
8	2	-0.0510204081632653	89.6326530612245	0.306122448979592	0	7.44	WINTER
6	1	5.70408163265306	82.1836734693878	1.52040816326531	17	7.17	WINTER
4	1	2.00408163265306	94.6938775510204	0.359183673469388	9.4	5.9	WINTER
4	2	0.651020408163265	96.0408163265306	0.381632653061225	0.4	4.26	WINTER
4	2	0.857142857142857	96.6734693877551	0.336734693877551	0.3	5.17	WINTER
4	2	1.54897959183673	94.7142857142857	1.10204081632653	9.3	7.71	WINTER
5	2	0.036734693877551	83.1836734693878	0.83265306122449	0	3.36	WINTER
6	3	-2.71836734693878	80.8163265306122	1.54285714285714	2.6	8.62	WINTER
6	3	-3.17755102040816	86.3877551020408	1.22244897959184	8.8	8.62	WINTER
1	3	-3.00816326530612	88.265306122449	1.13877551020408	2	14.06	WINTER
1	3	-8.07755102040816	84.7551020408163	0.53469387755102	0	15.6	WINTER
1	3	-8.63673469387755	84.9387755102041	0.328571428571429	0	12.6	WINTER
1	1	-9.33469387755102	85.3673469387755	0.333333333333333	0	25.75	WINTER
5	1	-7.20612244897959	86	0.310204081632653	0	24.13	WINTER
5	1	-0.644897959183674	89.4897959183673	0.353061224489796	0.6	19.78	WINTER
5	3	-2.73061224489796	93.6326530612245	0.485714285714286	4.1	28.94	WINTER
5	3	-3.23469387755102	93.1020408163265	0.397959183673469	0	26.58	WINTER
5	3	-2.44081632653061	90.8775510204082	0.522448979591837	0	23.86	WINTER
5	3	-3.23673469387755	91.734693877551	0.518367346938776	0	31.39	WINTER
2	1	-7.07755102040816	92.5102040816327	0.369387755102041	0	23.77	WINTER
5	3	-5.97755102040816	92.2448979591837	0.369387755102041	0	13.61	WINTER
5	1	-3.23673469387755	91.8571428571429	0.369387755102041	0.3	24.13	WINTER
2	2	-2.12857142857143	85.3673469387755	0.728571428571429	0.2	25.49	WINTER
5	3	-3.1530612244898	86.3877551020408	0.736734693877551	0	8.44	WINTER
5	1	-5.11428571428571	89.3877551020408	0.587755102040816	0	16.42	WINTER
5	1	-4.10408163265306	88.5714285714286	0.538775510204082	0.7	25.31	WINTER
5	1	0.891836734693878	94.3469387755102	0.848979591836735	6.2	27.21	WINTER
3	5	2.88367346938776	93.5102040816327	0.718367346938775	1.6	17.51	WINTER
5	1	2.98979591836735	94.0816326530612	0.518367346938776	3.7	4.26	WINTER
3	1	1.11020408163265	89.6530612244898	0.381632653061225	0	10.16	WINTER
3	1	0.142857142857143	96.3877551020408	0.346938775510204	0	5.35	WINTER
8	1	2.38979591836735	89.6530612244898	0.591836734693878	0	5.9	WINTER
8	1	7.46938775510204	92.4285714285714	1.46888888888889	12	10.16	WINTER
3	4	6.18775510204082	92.1428571428571	0.904081632653061	10.6	2.09	WINTER
2	3	3.51734693877551	95.5918367346939	0.356818181818182	8.8	6.99	WINTER
2	1	2.89285714285714	90.4387755102041	0.88936170212766	0	5.08	WINTER
5	4	5.51836734693878	83.9897959183673	1.80212765957447	2.7	4.26	WINTER
3	4	6.86530612244898	76.030612244898	1.56875	0.4	4.72	WINTER
3	1	5.64285714285714	93.8367346938775	0.448979591836735	6.4	9.16	WINTER
3	5	3.77755102040816	91.0612244897959	0.559183673469388	0	18.96	WINTER
3	1	1.55918367346939	90.3265306122449	0.377551020408163	0	13.88	WINTER
3	1	1.19183673469388	87.3265306122449	0.275510204081633	0	16.51	WINTER
5	5	5.19591836734694	78.9795918367347	2.13265306122449	0	11.25	WINTER
4	2	2.44489795918367	86.2857142857143	0.724489795918367	1.6	15.79	WINTER
9	3	-1.98979591836735	73.265306122449	1.07959183673469	0	12.52	WINTER
1	1	-1.68367346938776	70.469387755102	0.446938775510204	0	11.79	WINTER
6	3	-3.66122448979592	81.5102040816327	0.363265306122449	0	11.25	WINTER
9	1	-0.926530612244898	70.8163265306122	0.585714285714286	0	8.71	WINTER
4	1	0.338775510204082	77.0816326530612	0.540816326530612	0	12.88	WINTER
4	2	-0.344897959183673	78.0816326530612	0.56734693877551	0	14.06	WINTER
4	1	-1.86122448979592	70.9183673469388	0.483673469387755	0	10.8	WINTER
2	5	1.7469387755102	92.3061224489796	0.620408163265306	1	6.62	WINTER
9	1	1.7530612244898	94.3877551020408	0.426530612244898	0	6.71	WINTER
3	4	5.89591836734694	75.1632653061225	2.37142857142857	0.1	20.96	WINTER
3	5	3.23469387755102	91.6938775510204	0.916326530612245	29.4	10.16	WINTER
3	1	0.46734693877551	95.3265306122449	0.330612244897959	35.2	2.54	WINTER
3	4	3.94081632653061	94.5510204081633	0.759183673469388	18.5	4.45	WINTER
3	1	2.9265306122449	95.8775510204082	0.426530612244898	1	3.63	WINTER
3	1	2.88367346938775	90.5102040816327	0.597959183673469	0	4.99	WINTER
5	2	1.93673469387755	63.5510204081633	1.12448979591837	0	9.8	WINTER
4	3	2.35510204081633	63.2040816326531	1.18979591836735	0	4.17	WINTER
9	3	2.41632653061225	69.9795918367347	1.12244897959184	0	7.71	WINTER
9	3	1.75102040816327	71.0612244897959	1.29591836734694	0	16.24	WINTER
9	3	-0.787755102040816	70.0510204081633	1.0734693877551	0	22.31	WINTER
5	3	-4.36734693877551	78.0204081632653	0.665957446808511	0	20.86	WINTER
5	1	-3.61224489795918	69.9387755102041	0.422448979591837	0	31.3	WINTER
5	1	0.236734693877551	66.530612244898	0.661224489795918	0	18.42	WINTER
5	3	-2.46734693877551	70.4387755102041	1.23265306122449	0	34.65	WINTER
9	3	-5.76530612244898	49.6530612244898	1.7734693877551	0	20.6	WINTER
9	3	-6.71632653061224	54.4897959183673	0.546938775510204	0	5.26	WINTER
1	1	-0.263265306122449	52.3265306122449	0.595918367346939	0	7.35	WINTER
6	1	0.873469387755102	52.1020408163265	0.606122448979592	0	3.99	WINTER
1	5	2.60612244897959	69.4285714285714	1.47083333333333	0	9.34	WINTER
7	1	1.2734693877551	68.3673469387755	0.730612244897959	0	20.41	WINTER
7	1	2.7530612244898	70.6326530612245	0.827083333333333	0	19.14	WINTER
2	1	5.05102040816327	67.5918367346939	0.442857142857143	0	17.69	WINTER
2	5	9.72857142857143	56.6530612244898	1.66530612244898	0	18.33	WINTER
2	5	6.05510204081633	64.265306122449	1.14897959183673	0	26.67	WINTER
2	5	8.59387755102041	62.1632653061224	1.67551020408163	0	22.05	WINTER
5	5	5.52448979591837	78.8571428571429	1.15510204081633	0	17.6	WINTER
3	1	3.69387755102041	78.5102040816327	0.522448979591837	0	19.32	WINTER
3	5	9.03265306122449	73.2448979591837	2.31020408163265	0.2	12.43	WINTER
3	5	4.17755102040816	86.9387755102041	2.18775510204082	0.2	14.15	WINTER
3	5	11.3938775510204	60.3673469387755	2.03265306122449	0	11.61	WINTER
3	5	10.3163265306122	76.5102040816327	2.31428571428571	5.5	12.88	WINTER
4	3	0.0224489795918367	93.0816326530612	0.646938775510204	23.6	10.62	WINTER
4	3	-1.30612244897959	82.8163265306122	1.21632653061224	6.4	4.26	WINTER
4	3	-2.41428571428571	88.1632653061225	0.720408163265306	3.1	6.89	WINTER
6	3	-0.3	91.3469387755102	0.383673469387755	6.1	12.16	WINTER
7	1	1.51020408163265	90.2244897959184	0.361224489795918	0.2	13.52	WINTER
6	5	3.91836734693878	86.3265306122449	0.987755102040816	1.2	10.43	WINTER
9	4	6.54591836734694	85.4489795918367	1.79791666666667	11.8	7.53	WINTER
3	5	3.60816326530612	91.7959183673469	0.602040816326531	2.1	2.72	WINTER
3	5	8	79.0918367346939	1.55869565217391	0.5	2.72	WINTER
4	1	3.88877551020408	73.8877551020408	0.73695652173913	0	8.07	WINTER
3	1	6.94081632653061	73.3877551020408	1.75227272727273	0	3.9	WINTER
8	5	9.73979591836735	75.2244897959184	1.61777777777778	0.2	10.25	WINTER
3	4	6.81224489795918	89.1326530612245	1.8936170212766	14.7	11.07	WINTER
2	5	7.55714285714286	77.6632653061225	1.58297872340426	12.1	6.26	WINTER
4	2	-0.159183673469388	93.1020408163265	0.647368421052632	6.1	8.98	WINTER
9	1	-0.389795918367347	77.8673469387755	0.6	0	4.17	WINTER
8	3	-0.75	73.6428571428571	0.633333333333333	0	5.62	WINTER
7	4	3.96632653061224	77.7755102040816	2.56052631578947	29.1	7.8	WINTER
5	3	0.378571428571429	95.0408163265306	0.395121951219512	18	5.26	WINTER
9	3	0.787755102040816	94.8775510204082	0.336111111111111	34.1	5.08	WINTER
2	3	0.266326530612245	93.4795918367347	0.515555555555556	9.1	3.39	WINTER
2	2	-1.81632653061224	86.765306122449	0.57027027027027	0.3	3.99	WINTER
7	1	2.47448979591837	76.0204081632653	1.17727272727273	1.3	4.99	WINTER
7	3	3.91530612244898	80.5510204081633	0.538636363636364	3.5	4.72	WINTER
5	3	3.52142857142857	91.1020408163265	0.417021276595745	2.9	9.16	WINTER
7	3	4.62755102040816	82.5204081632653	0.7725	30.2	12.88	WINTER
7	1	4.96326530612245	75.3061224489796	0.520454545454546	0	7.98	WINTER
7	1	7.42959183673469	64.7040816326531	0.597872340425532	0	7.08	WINTER
5	1	8.10714285714286	67.5918367346939	0.8	0	7.44	SPRING
5	1	3.65510204081633	87.265306122449	0.512244897959184	13.7	15.06	SPRING
9	2	5.65102040816326	72.3367346938775	1.22127659574468	1.2	1.45	SPRING
9	2	5.56428571428571	65.0510204081633	1.38297872340426	0	4.17	SPRING
9	2	3.17857142857143	71.3673469387755	0.524444444444444	0	8.62	SPRING
9	1	8.61122448979592	63.2551020408163	2.13125	3.7	9.62	SPRING
9	4	7.05816326530612	78.6836734693878	2.13863636363636	13.3	9.8	SPRING
9	3	3.58979591836735	90.1224489795918	0.317241379310345	4.9	8.98	SPRING
7	5	10.3714285714286	80.6326530612245	1.29130434782609	0.2	9.62	SPRING
3	4	11.9673469387755	85.3265306122449	1.87142857142857	2.6	8.26	SPRING
3	4	12.6734693877551	80.6326530612245	2.48163265306122	5.5	4.99	SPRING
3	3	7.63673469387755	88.6122448979592	0.563265306122449	42.8	7.17	SPRING
3	1	5.06122448979592	90.3061224489796	0.328571428571429	0.9	2.45	SPRING
3	1	6.15612244897959	74.8163265306122	0.95	0	13.81	SPRING
5	1	6.19387755102041	84.0612244897959	0.506122448979592	0.1	8.19	SPRING
5	5	5.54897959183673	82.469387755102	0.777551020408163	5.4	5.53	SPRING
3	4	8.85918367346939	81.5918367346939	1.13265306122449	6	3.9	SPRING
9	4	10.369387755102	78.9591836734694	1.7469387755102	17.4	7.89	SPRING
3	4	9.1	76.8163265306122	2.11020408163265	0.3	4.72	SPRING
3	5	10.9285714285714	68.4489795918367	1.25918367346939	0	6.8	SPRING
3	4	10.4408163265306	77.8571428571429	1.39591836734694	9.6	7.98	SPRING
3	4	7.9530612244898	81.469387755102	1.02857142857143	0.1	6.71	SPRING
3	1	7.84897959183674	86.9795918367347	0.510204081632653	5.9	3.63	SPRING
5	3	6.88367346938776	73	0.561224489795918	0	3.63	SPRING
5	1	6.77142857142857	78.3265306122449	0.622448979591837	13	11.43	SPRING
9	2	7.57755102040816	77.5102040816327	0.926530612244898	0.6	6.63	SPRING
9	3	8.24081632653061	64.2040816326531	0.63265306122449	0	11.34	SPRING
9	5	11.0061224489796	57.3469387755102	1.35510204081633	0	13.52	SPRING
9	5	8.32244897959184	84.4489795918367	1.10204081632653	1.7	15.42	SPRING
5	4	11.6612244897959	73.2448979591837	1.98979591836735	2.4	6.08	SPRING
5	4	8.93877551020408	91.4489795918367	0.489795918367347	18.3	12.25	SPRING
3	1	9.64489795918367	70.6530612244898	0.553061224489796	0	7.53	SPRING
5	3	10.4020408163265	68.734693877551	0.679591836734694	0	5.53	SPRING
9	3	11.3612244897959	67.3061224489796	0.63469387755102	4.7	7.62	SPRING
9	3	7.18979591836735	89.265306122449	0.528571428571429	2.6	7.44	SPRING
9	3	9.81836734693877	82.9591836734694	0.838775510204082	1.3	6.35	SPRING
5	3	8.92857142857143	71.8775510204082	0.536734693877551	0	9.43	SPRING
5	1	11.0204081632653	67.5510204081633	0.630612244897959	0	9.98	SPRING
6	3	11.8142857142857	65.6734693877551	0.7	0	10.7	SPRING
5	3	11.4510204081633	68.5918367346939	0.904081632653061	0	11.07	SPRING
1	3	9.16326530612245	66.6938775510204	0.76530612244898	0	12.52	SPRING
1	3	10.0714285714286	63.7142857142857	0.657142857142857	0	9.25	SPRING
5	1	12.5244897959184	64.4285714285714	0.638775510204082	0	11.61	SPRING
5	1	12.5979591836735	66.6326530612245	0.536734693877551	0	18.52	SPRING
5	1	16.7040816326531	62.3673469387755	2.12244897959184	0	15.88	SPRING
3	4	15.8326530612245	68.265306122449	2.39795918367347	0	18.32	SPRING
3	4	15.5122448979592	74.6734693877551	1.86326530612245	2.9	14.15	SPRING
3	4	13.4326530612245	90.6938775510204	0.569387755102041	6	8.62	SPRING
3	3	13.8795918367347	85.1836734693878	0.648979591836735	50.5	7.43	SPRING
6	3	9.96938775510204	92.4897959183673	0.483673469387755	9.7	8.8	SPRING
7	3	10.230612244898	93.7755102040816	0.271428571428571	28.6	6.92	SPRING
1	1	11.4938775510204	90.530612244898	0.408163265306122	0.7	4.81	SPRING
3	1	12.1061224489796	88.7142857142857	0.557142857142857	3.2	5.81	SPRING
3	5	15.2775510204082	72.0816326530612	1.91428571428571	0	6.53	SPRING
3	5	15.6918367346939	73.2448979591837	1.66938775510204	0	14.33	SPRING
3	1	17.2265306122449	69.2040816326531	0.985714285714286	0	14.15	SPRING
3	1	19.0836734693878	62.7551020408163	1.20408163265306	0	17.33	SPRING
2	1	19.5959183673469	65.0816326530612	0.971428571428571	0	17.96	SPRING
3	3	20.2326530612245	71.7959183673469	0.744897959183674	0.1	17.42	SPRING
2	5	15.4959183673469	84.4897959183673	0.673469387755102	17.6	22.04	SPRING
3	5	15.6061224489796	77.5102040816327	1.2734693877551	0	16.78	SPRING
3	5	18.3836734693878	77.3061224489796	0.551020408163265	0.5	12.25	SPRING
1	3	15.4061224489796	87.1020408163265	0.56530612244898	11	4.63	SPRING
5	3	14.8612244897959	88.3877551020408	0.426530612244898	3	5.99	SPRING
5	3	14.6448979591837	85.2244897959184	0.387234042553191	1.6	8.25	SPRING
5	1	16.1897959183673	79.9183673469388	0.526086956521739	0	13.73	SPRING
5	5	17.8755102040816	76.5510204081633	1.15918367346939	0	15.78	SPRING
5	3	13.0224489795918	92	0.364583333333333	11.9	20.77	SPRING
5	2	10.8612244897959	91.0408163265306	0.389795918367347	5.2	6.8	SPRING
5	1	9.2734693877551	89.9591836734694	0.387755102040816	3.3	4.17	SPRING
6	1	13.2163265306122	78.7959183673469	0.542857142857143	0	4.26	SPRING
9	5	15.0571428571429	78.6326530612245	1.28367346938776	0.3	5.35	SPRING
3	4	16.2285714285714	87.8775510204082	0.759183673469388	33.4	8.53	SPRING
5	1	14.1244897959184	86.0408163265306	0.340816326530612	2.8	9.71	SPRING
5	1	17.2918367346939	74.4897959183673	0.483673469387755	0	3.63	SPRING
3	1	18.3448979591837	76.2857142857143	0.591836734693878	0.1	7.98	SPRING
5	1	19.9979591836735	75.530612244898	0.616326530612245	0.1	6.62	SPRING
2	5	20.7734693877551	67.3469387755102	0.93265306122449	0	11.88	SPRING
2	5	21.7040816326531	70	0.63469387755102	0	9.89	SPRING
2	1	22.5571428571429	72.4489795918367	0.63265306122449	0	14.97	SPRING
2	1	21.9714285714286	78.7551020408163	0.575510204081633	0	18.96	SPRING
5	3	22.9469387755102	77.5102040816327	0.683673469387755	0	14.42	SPRING
9	3	21.0489795918367	79.6326530612245	0.679591836734694	38	17.33	SPRING
5	3	18.5448979591837	80.0408163265306	0.542857142857143	0	11.52	SPRING
5	1	19.4632653061224	75.4897959183673	0.636734693877551	0	12.06	SPRING
5	3	20.1122448979592	74.9387755102041	0.530612244897959	0	10.61	SPRING
9	3	19.3265306122449	75.6734693877551	0.530612244897959	0	14.24	SPRING
5	1	20.430612244898	73.734693877551	0.610204081632653	0	9.16	SPRING
5	5	22.1224489795918	71.1632653061225	1.08775510204082	0	12.79	SPRING
5	5	20.8489795918367	76.3877551020408	0.977551020408163	9.1	21.59	SPRING
5	3	17.265306122449	76.9795918367347	0.610204081632653	0	14.42	SPRING
5	5	21.6102040816327	70.265306122449	1.56326530612245	5.3	9.34	SPRING
2	4	20.0551020408163	77.6326530612245	1.55918367346939	17.6	12.52	SPRING
2	3	13.4448979591837	85.734693877551	0.355102040816327	0.5	8.89	SPRING
9	1	16.7061224489796	74.6326530612245	0.691836734693878	0	4.72	SPRING
5	1	18.7163265306122	75.0612244897959	0.608163265306122	0	6.53	SPRING
2	5	19.6122448979592	70.2857142857143	0.728571428571429	0	11.34	SPRING
9	5	20.169387755102	69.8775510204082	0.875510204081633	0	17.69	SPRING
9	4	20.0571428571429	79.8163265306122	1.42857142857143	34	13.7	SPRING
5	3	13.3408163265306	91.8367346938775	0.557142857142857	14.6	11.45	SPRING
9	2	14.5285714285714	72.9591836734694	0.495918367346939	0	3.54	SPRING
5	5	17.4265306122449	70.4489795918367	0.73469387755102	0	5.35	SPRING
9	5	19.5857142857143	69.6938775510204	1.26530612244898	10.7	10.79	SPRING
4	3	13.5469387755102	91.3469387755102	0.348979591836735	19.2	10.52	SPRING
4	1	16.7816326530612	77.9387755102041	0.597959183673469	0	2.54	SPRING
4	5	20.4510204081633	72.5510204081633	1.27755102040816	18.3	4.08	SPRING
9	3	12.8734693877551	92.6530612244898	0.471428571428571	4.6	12.16	SPRING
9	3	11.1959183673469	82.8775510204082	0.583673469387755	1.3	3.27	SPRING
9	3	13.9285714285714	74.1836734693878	0.946938775510204	2.7	3.9	SPRING
9	2	16.6918367346939	78.2244897959184	0.536734693877551	0.1	2.36	SPRING
9	1	18.3122448979592	79.9897959183673	0.375	0	5.17	SPRING
6	3	19.4612244897959	80.1020408163265	0.538775510204082	2.6	6.62	SPRING
1	3	18.7795918367347	82.2244897959184	0.495918367346939	1.2	9.34	SPRING
1	3	19.2530612244898	78.0816326530612	0.516326530612245	0	13.79	SPRING
1	1	19.930612244898	75.1224489795918	0.546938775510204	0	13.24	SPRING
1	1	19.8632653061225	74.8571428571429	0.589795918367347	0	13.43	SPRING
5	3	19.8632653061225	77.2244897959184	0.475510204081633	0.2	13.06	SPRING
5	3	20.9836734693878	76	0.493877551020408	0.4	25.22	SUMMER
5	1	19.0714285714286	81.9591836734694	0.548979591836735	0.8	25.31	SUMMER
5	3	20.1408163265306	76.9795918367347	0.53265306122449	0	15.78	SUMMER
5	1	21.1224489795918	75.1632653061225	0.83469387755102	0	13.06	SUMMER
5	3	21.1387755102041	76.8775510204082	0.720408163265306	0.5	20.5	SUMMER
4	3	17.0632653061224	74.530612244898	0.661224489795918	0	9.43	SUMMER
4	1	18.8081632653061	73.469387755102	0.610204081632653	0	7.08	SUMMER
9	1	18.9183673469388	81.8979591836735	0.818367346938776	27.6	21.59	SUMMER
5	3	15.4571428571429	76.3469387755102	0.516326530612245	0	10.98	SUMMER
5	1	15.430612244898	72.5918367346939	0.555102040816327	0	4.26	SUMMER
5	1	16.9122448979592	72.2244897959184	0.697959183673469	0	5.99	SUMMER
8	4	21.3265306122449	58.8571428571429	2.43673469387755	0	7.44	SUMMER
7	5	21.5081632653061	65.6326530612245	1.11632653061224	0	12.25	SUMMER
7	1	21.0244897959184	76.9387755102041	0.624489795918367	0	13.52	SUMMER
7	5	19.8	76.0612244897959	1.31020408163265	30	15.33	SUMMER
5	2	13.2591836734694	88.8163265306122	0.408163265306122	1.8	8.44	SUMMER
5	1	15.0163265306122	85.734693877551	0.469387755102041	0.1	4.72	SUMMER
9	1	15.9775510204082	79.0408163265306	0.479591836734694	0	4.99	SUMMER
9	1	16.9816326530612	74.7551020408163	0.546938775510204	0	7.08	SUMMER
9	3	19.6326530612245	78.9591836734694	0.426530612244898	0	9.34	SUMMER
2	3	17.0265306122449	79.3265306122449	0.475510204081633	0	18.78	SUMMER
2	1	18.3714285714286	76.1020408163265	0.579591836734694	0	13.52	SUMMER
5	1	17.0224489795918	82.3265306122449	0.748979591836735	28.7	17.78	SUMMER
4	1	11.6448979591837	84.0612244897959	0.508163265306122	0.1	10.07	SUMMER
9	3	12.8244897959184	81.0204081632653	0.422448979591837	0	4.72	SUMMER
9	3	14.4632653061224	76.9591836734694	0.595918367346939	0	5.99	SUMMER
9	3	15.2734693877551	77.0612244897959	0.585714285714286	0	6.89	SUMMER
5	3	16.0142857142857	76.4081632653061	0.514285714285714	0	9.16	SUMMER
5	1	17.2755102040816	76.2448979591837	0.385714285714286	0	12.34	SUMMER
9	3	15.2387755102041	80.0204081632653	0.646938775510204	0	11.34	SUMMER
9	3	13.069387755102	77.3265306122449	0.459183673469388	0	10.52	SUMMER
9	1	15.0918367346939	77.9795918367347	0.477551020408163	0	7.08	SUMMER
9	1	16.5081632653061	78.2448979591837	0.66530612244898	0	16.06	SUMMER
5	4	20.3081632653061	70.4285714285714	1.65714285714286	0	16.69	SUMMER
5	4	20.7	72.0816326530612	2	0	15.69	SUMMER
5	4	21.0571428571429	73.1020408163265	2.11836734693878	0.6	17.69	SUMMER
3	4	20.8408163265306	69.734693877551	1.73673469387755	0	15.6	SUMMER
3	4	20.1755102040816	78.2040816326531	1.22040816326531	5.5	15.51	SUMMER
3	4	14.9734693877551	87.530612244898	0.487755102040816	0	13.61	SUMMER
5	3	14.6755102040816	78	0.495918367346939	0	5.72	SUMMER
2	1	16.1551020408163	77.6326530612245	0.406666666666667	0	6.8	SUMMER
2	1	18.4897959183673	75.6530612244898	0.508163265306122	0	11.61	SUMMER
2	1	19.5489795918367	76.9591836734694	0.989795918367347	13	16.6	SUMMER
5	3	10.6714285714286	92.2040816326531	0.561224489795918	23.1	17.15	SUMMER
1	3	7.33469387755102	87.6734693877551	0.855102040816327	2.4	10.79	SUMMER
5	3	7.65918367346939	86.5102040816327	0.459183673469388	0	4.63	SUMMER
1	2	6.54897959183673	82.0816326530612	0.479591836734694	0	3.18	SUMMER
1	3	7.01428571428571	79.0204081632653	0.561224489795918	0	4.26	SUMMER
1	3	7.40204081632653	80.4489795918367	0.442857142857143	0	6.26	SUMMER
1	3	8.04285714285714	74.9183673469388	0.683673469387755	0	11.16	SUMMER
1	2	8.26326530612245	77.9591836734694	0.671428571428571	0.1	10.07	SUMMER
1	3	8.04489795918367	85.1020408163265	0.402040816326531	0.2	7.98	SUMMER
1	3	8.16326530612245	88.4081632653061	0.338775510204082	1.2	4.44	SUMMER
1	3	7.61632653061224	85.3061224489796	0.412244897959184	0.3	4.08	SUMMER
9	3	8.68775510204082	81.8979591836735	0.346938775510204	0.5	9.25	SUMMER
9	3	8.6469387755102	89.1224489795918	1.00816326530612	6.1	10.16	SUMMER
1	3	8.50408163265306	82.3877551020408	1.25714285714286	0.2	8.89	SUMMER
1	3	8.38775510204082	83.7551020408163	0.589795918367347	0	12.88	SUMMER
1	3	5.68367346938776	81.7959183673469	0.316326530612245	0	13.97	SUMMER
1	1	5.99795918367347	82	0.46530612244898	0	11.7	SUMMER
5	4	11.9469387755102	78.3877551020408	1.53469387755102	1.5	11.25	SUMMER
5	4	13.4510204081633	82.3265306122449	1.71428571428571	0.2	13.52	AUTOMN
5	4	13.7816326530612	80.8979591836735	1.17551020408163	1.2	14.51	AUTOMN
3	4	10.9551020408163	89	0.916326530612245	26	12.16	AUTOMN
2	2	3.90612244897959	90.2448979591837	0.377551020408163	0.5	3.45	AUTOMN
4	1	5.71020408163265	80.6530612244898	0.771428571428571	0	2.54	AUTOMN
2	1	9.87142857142857	84.6938775510204	0.606122448979592	0	10.71	AUTOMN
3	1	10.5816326530612	82.3877551020408	0.322448979591837	0	10.61	AUTOMN
2	1	9.37755102040816	85.4489795918367	0.253191489361702	0	11.79	AUTOMN
5	1	10.0979591836735	81.4285714285714	0.33265306122449	0	18.96	AUTOMN
5	1	11.0204081632653	81.7755102040816	0.338775510204082	0	17.96	AUTOMN
5	1	9.20204081632653	80.469387755102	0.304081632653061	0	15.35	AUTOMN
5	1	10.9795918367347	76.1428571428571	0.291836734693878	0	17.6	AUTOMN
5	1	12.3571428571429	76.4081632653061	0.5	0	21.59	AUTOMN
5	4	14.3571428571429	88.8367346938775	1.64081632653061	56.3	24.04	AUTOMN
4	2	3.98775510204082	93.7755102040816	0.593877551020408	40.2	15.78	AUTOMN
4	3	3.50612244897959	84.1632653061225	0.491836734693878	0	3.08	AUTOMN
4	1	6.72244897959184	81.1224489795918	0.414285714285714	0	8.89	AUTOMN
4	1	7.97551020408163	81.3061224489796	0.371428571428571	0	10.52	AUTOMN
7	5	9.13673469387755	85.7959183673469	0.769387755102041	0	10.52	AUTOMN
2	5	9.41428571428571	86.5714285714286	0.557142857142857	0	14.7	AUTOMN
5	3	7.22040816326531	87.3877551020408	0.471428571428571	0	14.7	AUTOMN
5	3	6.6265306122449	81.4081632653061	0.383673469387755	0	10.16	AUTOMN
9	3	7.60612244897959	85.734693877551	0.383673469387755	0	9.16	AUTOMN
9	3	5.79795918367347	85.3061224489796	0.43469387755102	0	25.04	AUTOMN
5	5	11.6367346938776	86	1.4469387755102	2.1	22.5	AUTOMN
5	1	12.5795918367347	89.6734693877551	1.1	9.8	13.88	AUTOMN
3	4	14.5632653061224	81.7755102040816	2.49387755102041	15.4	11.25	AUTOMN
4	4	10.015306122449	74.8877551020408	3.24791666666667	3.7	8.97	AUTOMN
4	4	11.8020408163265	76.3877551020408	1.31224489795918	5.8	6.54	AUTOMN
9	5	10.8755102040816	94.3469387755102	0.512244897959184	14.9	4.63	AUTOMN
2	5	10.4081632653061	82.2448979591837	0.891836734693878	0	5.08	AUTOMN
3	1	9.86938775510204	83.734693877551	0.446938775510204	0	8.44	AUTOMN
2	1	11.2102040816327	92.6326530612245	0.416326530612245	14.4	7.71	AUTOMN
3	1	11.4020408163265	93.7551020408163	0.410204081632653	4.2	14.24	AUTOMN
3	1	10.8510204081633	95.4897959183673	0.287755102040816	1.4	7.8	AUTOMN
5	1	9.6	95.9183673469388	0.136734693877551	16.1	4.53	AUTOMN
5	1	7.67551020408163	94.4897959183673	0.326530612244898	3	3.54	AUTOMN
5	1	6.1530612244898	88.7959183673469	0.314285714285714	0	5.71	AUTOMN
3	1	7.22040816326531	90.8163265306122	0.395918367346939	0	8.89	AUTOMN
5	1	7.90816326530612	89.2857142857143	0.724489795918367	0.4	8.53	AUTOMN
5	5	8.66530612244898	94.3877551020408	0.510204081632653	1.5	12.97	AUTOMN
5	3	6.59591836734694	95.4897959183673	0.528571428571429	9.3	10.79	AUTOMN
5	3	6.3530612244898	92.265306122449	0.406122448979592	0	24.77	AUTOMN
5	3	6.40408163265306	86.8979591836735	0.440816326530612	0	22.13	AUTOMN
5	1	3.40408163265306	85.3877551020408	0.406122448979592	0.1	22.68	AUTOMN
2	3	0.636734693877551	93.7755102040816	0.385714285714286	0	28.66	AUTOMN
4	3	-0.453061224489796	86.4897959183673	0.33265306122449	0	14.51	AUTOMN
6	1	0.848979591836735	75.3265306122449	0.424489795918367	0	7.8	AUTOMN
6	5	9.3469387755102	65.469387755102	2.59183673469388	0	5.17	AUTOMN
9	5	5.7734693877551	81.2244897959184	2	5.3	11.97	AUTOMN
4	2	-3.85918367346939	80.0408163265306	0.520408163265306	0.2	6.98	AUTOMN
4	5	0.895918367346939	52.8571428571429	1.65918367346939	0	7.71	AUTOMN
2	4	2.21632653061224	90.4897959183673	0.753061224489796	10.2	6.17	AUTOMN
9	3	0.261224489795918	95	0.293877551020408	6.8	8.44	AUTOMN
5	3	-2.53877551020408	89.8163265306122	0.263265306122449	0	11.52	AUTOMN
9	1	-3.96122448979592	85.9591836734694	0.204081632653061	0	10.07	AUTOMN
9	3	-2.42857142857143	92.0408163265306	0.251020408163265	27.9	7.44	AUTOMN
5	5	1.41224489795918	94.7755102040816	0.840816326530612	11.7	21.77	AUTOMN
2	4	3.17755102040816	91.8775510204082	1.24489795918367	13.7	14.24	AUTOMN
4	4	5.01428571428571	90.4897959183673	2.41836734693878	26.1	4.54	WINTER
3	4	4.19387755102041	92.4489795918367	0.463265306122449	6.2	3.36	WINTER
5	1	-5.83061224489796	85.4489795918367	0.522448979591837	0	29.57	WINTER
5	3	-1.82040816326531	93.7959183673469	0.442857142857143	7.6	28.66	WINTER
5	3	-4.48367346938775	92.3673469387755	0.863265306122449	0	26.49	WINTER
5	3	-10.7428571428571	84.5510204081633	0.616326530612245	0	21.23	WINTER
5	3	-13.2122448979592	79.3877551020408	0.171428571428571	0	11.97	WINTER
5	3	-8.38979591836735	87.6734693877551	0.257142857142857	0	36.81	WINTER
5	3	-5.02448979591837	85.3469387755102	0.430612244897959	12.1	56.25	WINTER
5	3	-6.35918367346939	87.0408163265306	0.493877551020408	0.2	22.13	WINTER
5	3	-12.5632653061224	83.6530612244898	0.23469387755102	0	17.05	WINTER
5	3	-12.0428571428571	83.9795918367347	0.293877551020408	0	38.01	WINTER
5	3	-11.9285714285714	89.1632653061225	0.383673469387755	0	71.84	WINTER
5	3	-9.99591836734694	92.4285714285714	0.23265306122449	0	69.3	WINTER
5	3	-6.52857142857143	86.530612244898	0.463265306122449	4.1	94.88	WINTER
5	3	-4.81428571428571	93.469387755102	0.163265306122449	9.2	91.98	WINTER
5	1	-1.9469387755102	95.0102040816327	0.185416666666667	0	30.3	WINTER
5	1	-3.71836734693878	96.8571428571429	0.204081632653061	0	23.49	WINTER
2	1	-3.1	98.0816326530612	0.375510204081633	0	17.78	WINTER
2	5	3.71224489795918	95.4285714285714	1.41020408163265	15.2	12.88	WINTER
5	4	5.47551020408163	94.0408163265306	1.6265306122449	2	13.97	WINTER
3	4	6.15510204081633	80.1020408163265	1.5469387755102	2.4	18.69	WINTER
3	4	3.54285714285714	96.8979591836735	0.181632653061225	27.6	17.24	WINTER
5	3	0.769387755102041	97.0612244897959	0.218367346938776	0.1	14.42	WINTER
3	3	1	96.7142857142857	0.483673469387755	1.5	15.78	WINTER
5	1	2.48367346938775	96.3061224489796	0.526530612244898	1.6	18.33	WINTER
5	3	0.806122448979592	95.7959183673469	0.326530612244898	1.3	18.32	WINTER
5	3	1.7	92.6122448979592	0.244897959183673	11.2	24.67	WINTER
2	1	0.257142857142857	96.7755102040816	0.114285714285714	19.6	8.01	WINTER
2	2	0.181632653061225	97.3061224489796	0	1.4	13.16	WINTER
2	2	0.318367346938775	95.9795918367347	0.287755102040816	0.2	14.88	WINTER
9	3	-1.71224489795918	94.6938775510204	0.687755102040816	0	21.23	WINTER
1	3	-2.47551020408163	89.5918367346939	0.551020408163265	0.1	24.41	WINTER
5	3	-2.1734693877551	93.9795918367347	0.230612244897959	11.4	20.87	WINTER
5	3	-1.37551020408163	95.469387755102	0.0714285714285714	17	23.36	WINTER
5	3	0.297959183673469	96.4489795918367	0.108163265306122	16.1	16.6	WINTER
5	5	3.67551020408163	95.2244897959184	0.787755102040816	4	12.7	WINTER
3	4	4.67959183673469	96.3469387755102	0.926530612244898	21.5	10.43	WINTER
3	4	5.52040816326531	95.2244897959184	0.804081632653061	6.3	12.88	WINTER
3	4	4.3734693877551	96.4285714285714	0.414285714285714	14.8	7.89	WINTER
3	2	2.64489795918367	95.6734693877551	0.342857142857143	0.7	7.26	WINTER
3	1	0.653061224489796	82.530612244898	0.695918367346939	0	6.26	WINTER
3	4	3.3265306122449	91.4489795918367	1.5	12.7	1.36	WINTER
3	3	-0.3	93.469387755102	0.422448979591837	0	4.63	WINTER
9	2	-1.8530612244898	75.3469387755102	0.626530612244898	0	5.99	WINTER
9	2	-3.0265306122449	68.2040816326531	0.528571428571429	0	4.26	WINTER
9	2	-2.26326530612245	62.9183673469388	0.757142857142857	0	5.62	WINTER
6	3	-4.17755102040816	62.8367346938776	0.836734693877551	0	8.07	WINTER
9	1	-2.43061224489796	67.7959183673469	0.440816326530612	0	7.62	WINTER
1	1	0.96734693877551	70.3061224489796	0.648979591836735	0	11.61	WINTER
5	3	-1.51224489795918	86	0.569387755102041	0	12.88	WINTER
2	1	0.753061224489796	84.1836734693878	0.426530612244898	0.1	15.69	WINTER
2	1	0.148979591836735	87.3673469387755	0.787755102040816	1	13.06	WINTER
9	3	-2.15102040816327	81.6326530612245	0.402040816326531	0	13.25	WINTER
9	1	1.30816326530612	71.3061224489796	0.43265306122449	0	13.52	WINTER
9	1	1.45510204081633	69.4897959183673	0.459183673469388	0	9.98	WINTER
9	5	4.39183673469388	71.4081632653061	0.879591836734694	0	33.21	WINTER
5	5	7.80408163265306	76.1224489795918	1.49795918367347	0.3	15.6	WINTER
5	1	6.40408163265306	88.8367346938775	0.291836734693878	3.6	10.89	WINTER
2	1	4.9	94.1836734693878	0.255102040816327	8.6	14.15	WINTER
5	1	5.67755102040816	96.7142857142857	0.577551020408163	15.3	10.34	WINTER
3	3	4.78163265306122	95.7142857142857	0.712244897959184	17.7	5.63	WINTER
5	2	4.81428571428571	78.4897959183673	0.944897959183673	0	7.26	WINTER
5	2	2.49387755102041	79.2857142857143	0.518367346938776	0	5.44	WINTER
2	1	5.55714285714286	60.9387755102041	0.946938775510204	0	8.16	WINTER
6	2	0.277551020408163	92.1020408163265	0.540816326530612	8.9	5.26	WINTER
9	5	4.22448979591837	74.469387755102	1.15918367346939	0	5.99	WINTER
9	2	2.99591836734694	63.3673469387755	0.902040816326531	0	5.26	WINTER
9	1	2.54081632653061	65.4897959183673	0.716326530612245	0	5.17	WINTER
9	1	3.41428571428571	66	0.661224489795918	0	9.8	WINTER
9	1	4.4734693877551	69.3265306122449	0.681632653061224	0	12.16	WINTER
9	1	6.60612244897959	69.1428571428571	0.736734693877551	0.3	12.88	WINTER
2	2	4.55714285714286	74.9795918367347	0.461224489795918	0	9.62	WINTER
9	1	3.43469387755102	71.6122448979592	0.66734693877551	0	12.7	WINTER
9	2	2.66530612244898	56.7755102040816	0.912244897959184	0	7.26	WINTER
9	3	1.02040816326531	73.7142857142857	0.922448979591837	2.9	9.8	WINTER
9	3	-0.514285714285714	73.3265306122449	2.33877551020408	1.8	14.88	WINTER
6	3	-0.363265306122449	63.734693877551	2.17755102040816	1	15.78	WINTER
6	3	1.57142857142857	61.0408163265306	0.646938775510204	0	11.25	WINTER
1	5	7.35918367346939	52.6530612244898	2.44081632653061	0	19.78	WINTER
5	1	-0.2	93.4081632653061	0.248979591836735	21.9	4.9	WINTER
5	1	-1.78979591836735	92.9795918367347	0.448979591836735	0.1	8.53	WINTER
5	1	2.7734693877551	82.1428571428571	0.726530612244898	0	8.89	WINTER
7	4	6.67755102040816	79.8163265306122	2.15102040816327	2.1	9.98	WINTER
9	4	8.93877551020408	79.8979591836735	1.71632653061224	1.6	12.7	WINTER
2	4	8.3734693877551	94.7959183673469	0.748979591836735	56.1	8.89	WINTER
4	2	5.84081632653061	95.265306122449	0.414285714285714	8.1	8.53	WINTER
4	3	5.33673469387755	93.9591836734694	0.242857142857143	7.9	14.51	WINTER
5	3	7.55102040816327	93.9387755102041	0.33469387755102	11.2	13.97	SPRING
5	3	7.65510204081633	96.4489795918367	0.514285714285714	34.8	12.34	SPRING
5	3	9.76530612244898	90.6734693877551	0.281632653061224	0	23.77	SPRING
5	1	10.2510204081633	84.2857142857143	0.485714285714286	0.1	15.78	SPRING
5	1	9.83469387755102	74	0.581632653061224	0	22.5	SPRING
5	1	9.83877551020408	67.0204081632653	0.512244897959184	0	17.05	SPRING
5	1	10.6122448979592	65.8775510204082	0.785714285714286	0	24.31	SPRING
2	5	10.4244897959184	68.1428571428571	1.15714285714286	0	14.06	SPRING
2	5	10.5775510204082	63.6734693877551	0.691836734693878	0	12.7	SPRING
5	5	10.7	61.1632653061224	0.981632653061224	0	15.87	SPRING
5	5	10.1102040816327	60.7551020408163	0.930612244897959	0	17.87	SPRING
5	1	11.2387755102041	60.9591836734694	0.802040816326531	0	18.05	SPRING
1	3	11.6897959183673	64.5714285714286	1.23061224489796	0.3	17.96	SPRING
1	3	9.54081632653061	78.6122448979592	0.804081632653061	4.5	12.89	SPRING
1	1	9.79387755102041	76.3673469387755	0.620408163265306	0	16.33	SPRING
5	4	13.1755102040816	58.9795918367347	1.8469387755102	3.3	10.43	SPRING
3	5	10.1836734693878	74.2857142857143	1.48367346938776	1.3	6.53	SPRING
3	5	10.9102040816327	65.3061224489796	0.997959183673469	0	5.44	SPRING
5	3	9.85510204081633	93.2448979591837	0.330612244897959	6.5	9.62	SPRING
5	3	10.9591836734694	91.0408163265306	0.489795918367347	5.4	10.98	SPRING
5	3	11.4142857142857	71.0408163265306	1.47959183673469	10	17.69	SPRING
5	3	10.0816326530612	66.9795918367347	1.23061224489796	0.8	17.51	SPRING
5	3	5.63061224489796	93.0204081632653	0.702040816326531	23	10.35	SPRING
9	3	7.51836734693878	91.3061224489796	0.318367346938775	1.7	14.79	SPRING
9	1	9.58367346938775	77.1020408163265	0.583673469387755	0	17.6	SPRING
9	1	12.2489795918367	79.530612244898	0.606122448979592	2.3	12.79	SPRING
3	1	13.3428571428571	74	0.840816326530612	4.4	17.24	SPRING
3	1	10.3938775510204	92.3877551020408	0.453061224489796	6.8	2.9	SPRING
3	5	9.34285714285714	86.0816326530612	0.879591836734694	3.9	6.35	SPRING
9	2	8.74489795918367	91.4897959183673	0.710204081632653	7.3	7.8	SPRING
4	2	11.3836734693878	72.9387755102041	0.861224489795918	0.1	19.78	SPRING
5	3	9.93877551020408	79.469387755102	1.04285714285714	12.7	13.33	SPRING
1	3	9.17142857142857	80.6326530612245	0.738775510204082	0.7	14.15	SPRING
1	3	12.1755102040816	72.6326530612245	0.759183673469388	0.4	11.61	SPRING
9	3	8.57142857142857	72.9183673469388	0.612244897959184	0	9.07	SPRING
5	1	12.3408163265306	69.265306122449	0.546938775510204	0	8.98	SPRING
5	1	13.2469387755102	66.2857142857143	0.712244897959184	0	16.51	SPRING
9	5	14.7367346938776	68.4285714285714	1.33877551020408	0	17.14	SPRING
2	1	14.3632653061224	71.3061224489796	0.685714285714286	0	17.87	SPRING
5	5	15.4142857142857	69.1836734693878	1.25714285714286	0	11.61	SPRING
2	5	16.7285714285714	63.3469387755102	1.94489795918367	0	15.61	SPRING
3	5	16.4224489795918	70.530612244898	1.22244897959184	0	15.42	SPRING
3	3	14.634693877551	81.2244897959184	0.791836734693878	0.1	15.24	SPRING
3	5	13.5938775510204	71.3265306122449	0.969387755102041	0	15.42	SPRING
3	1	14.6040816326531	74.2448979591837	0.851020408163265	0.2	16.51	SPRING
3	4	15.2510204081633	68.3469387755102	0.971428571428571	0	17.05	SPRING
3	1	16.5612244897959	75.530612244898	0.66734693877551	0	18.41	SPRING
3	1	16.6020408163265	75.530612244898	0.591836734693878	0.3	22.78	SPRING
5	3	18.1102040816327	84	0.536734693877551	11.9	14.42	SPRING
5	3	14.9428571428571	80.3673469387755	0.526530612244898	0	10.34	SPRING
5	3	17.5408163265306	72.734693877551	0.63469387755102	0	9.8	SPRING
2	5	18.1612244897959	69.1632653061225	1.02448979591837	0	9.8	SPRING
5	5	19.1428571428571	69.6938775510204	0.748979591836735	0	12.25	SPRING
2	1	19.8530612244898	75.6122448979592	0.706122448979592	2.4	11.97	SPRING
2	1	21.6591836734694	70.0204081632653	0.638775510204082	0	13.43	SPRING
5	1	21.7857142857143	64.734693877551	0.997959183673469	0.3	15.78	SPRING
5	2	12.6408163265306	89.3673469387755	0.546938775510204	4.2	3.27	SPRING
9	3	12.5142857142857	69.2448979591837	0.959183673469388	0	8.71	SPRING
9	2	9.00204081632653	75.2857142857143	0.708163265306123	0.2	6.08	SPRING
9	2	10.7755102040816	75.5102040816327	0.887755102040816	14.5	4.81	SPRING
4	1	8.35102040816327	86.3265306122449	0.481632653061224	0	5.08	SPRING
9	3	12.5387755102041	76.530612244898	0.83265306122449	0	5.44	SPRING
5	3	12.1326530612245	74.2857142857143	0.73469387755102	0	7.53	SPRING
5	1	15.2448979591837	75.3061224489796	0.785714285714286	13	6.98	SPRING
5	1	10.2714285714286	94	0.442857142857143	12.6	3.45	SPRING
5	4	16.9142857142857	78.1020408163265	2.16734693877551	1.7	11.34	SPRING
5	4	19.0857142857143	69.2448979591837	3.39183673469388	3.9	9.34	SPRING
2	4	13.7897959183673	85.8571428571429	1.23469387755102	8.5	4.81	SPRING
2	5	16.1244897959184	70.9591836734694	1.33061224489796	0	8.62	SPRING
2	5	16.2530612244898	71.1632653061225	1.36938775510204	0	12.25	SPRING
3	5	15.9816326530612	73.5102040816327	1.15714285714286	0	12.16	SPRING
3	5	16.6530612244898	75.0408163265306	1.27551020408163	2.1	9.8	SPRING
3	1	14.8448979591837	73.1632653061225	0.757142857142857	0	6.36	SPRING
3	1	15.3938775510204	72.4081632653061	0.63265306122449	0	7.62	SPRING
2	5	18.7530612244898	66.6326530612245	0.926530612244898	0	10.98	SPRING
2	4	22.4285714285714	47.6122448979592	2.20204081632653	0	12.98	SPRING
9	4	21.1795918367347	55.2857142857143	1.48979591836735	0	7.26	SPRING
2	3	13.9836734693878	74.5510204081633	0.63469387755102	0	6.62	SPRING
3	1	18.1244897959184	62.9795918367347	0.630612244897959	0	10.89	SPRING
9	1	20.8530612244898	60	1.46938775510204	12	8.71	SPRING
9	2	10.8367346938776	90.7142857142857	0.555102040816327	28	2.99	SPRING
9	3	14.2530612244898	64.5510204081633	0.904081632653061	1	9.07	SPRING
9	2	10.6081632653061	90.7551020408163	0.551020408163265	4.4	4.63	SPRING
9	2	11.5571428571429	94	0.420408163265306	12.5	1.63	SPRING
9	2	14.1530612244898	90.2040816326531	0.342857142857143	1.2	3.99	SPRING
9	1	15.8142857142857	82.5714285714286	0.46530612244898	0	5.71	SPRING
9	1	17.1061224489796	86.0816326530612	0.473469387755102	3.7	8.62	SPRING
5	1	15.9204081632653	89.5714285714286	0.420408163265306	13.2	7.26	SPRING
5	1	17.2387755102041	89.4285714285714	0.363265306122449	8.1	7.71	SPRING
5	3	17.5571428571429	84.1020408163265	0.538775510204082	0.7	7.44	SPRING
1	1	18.2	83.5918367346939	0.453061224489796	0.1	10.61	SPRING
1	3	18.4979591836735	85.7959183673469	0.518367346938776	0.2	12.25	SPRING
5	1	19.3020408163265	82.6734693877551	0.497959183673469	11.9	12.97	SPRING
5	1	19.2265306122449	85.1224489795918	0.410204081632653	0.7	18.83	SPRING
5	1	18.8428571428571	83.9183673469388	0.489795918367347	4.5	13.88	SPRING
5	1	19.1102040816327	82.7551020408163	0.426530612244898	3.3	13.06	SPRING
5	1	18.6367346938775	86.3673469387755	0.440816326530612	2.1	9.89	SPRING
3	1	17.1061224489796	91.4081632653061	0.614285714285714	42.2	8.53	SPRING
5	3	13.1775510204082	93.5102040816327	0.346938775510204	4.2	5.26	SPRING
4	3	15.6061224489796	85.3469387755102	0.53265306122449	1.5	8.53	SPRING
4	3	11.7530612244898	93.1836734693878	0.263265306122449	4.8	4.17	SPRING
2	1	13.1081632653061	78.6530612244898	0.495918367346939	0	6.35	SPRING
9	1	15.3795918367347	75.2448979591837	0.66734693877551	0	10.07	SPRING
7	5	19.1959183673469	74.8775510204082	0.761224489795918	0	14.24	SPRING
2	5	20.6183673469388	73.8775510204082	0.989795918367347	0	19.05	SPRING
2	5	22.4040816326531	72.4285714285714	0.987755102040816	0	17.6	SPRING
5	3	21.3408163265306	74.1836734693878	0.571428571428571	0	12.52	SPRING
2	3	22.2918367346939	73.7142857142857	0.924489795918367	10.4	15.42	SPRING
3	1	13.6469387755102	88.530612244898	0.746938775510204	12.1	5.48	SPRING
3	1	15.0551020408163	76.1428571428571	0.463265306122449	0	8.35	SPRING
3	1	17.4244897959184	73.4489795918367	0.518367346938776	0	7.44	SPRING
9	1	19.2918367346939	69.8367346938775	0.608163265306122	0	18.69	SPRING
2	5	21.2204081632653	69.0816326530612	1.21224489795918	0	13.79	SPRING
2	5	23.6244897959184	50.5510204081633	1.81428571428571	0	13.61	SPRING
2	5	22	65.6326530612245	0.96734693877551	0	18.32	SPRING
2	3	15.5326530612245	75.1224489795918	0.581632653061224	0.1	12.7	SPRING
2	3	15.3714285714286	66.9591836734694	0.66530612244898	0	10.16	SPRING
4	1	17.9836734693878	66.0816326530612	0.636734693877551	0	8.71	SPRING
9	3	19.0918367346939	78.2448979591837	0.355102040816327	2.7	13.24	SPRING
9	3	18.4142857142857	73.1428571428571	0.524489795918367	0	4.72	SPRING
9	3	20.9387755102041	69.3265306122449	0.56530612244898	0	11.07	SPRING
5	3	18.8408163265306	73.1224489795918	0.612244897959184	0	8.53	SPRING
9	1	20.5612244897959	72.1020408163265	0.448979591836735	0	14.7	SUMMER
2	5	23.3571428571429	57.5102040816327	1.73265306122449	0	18.32	SUMMER
5	1	21.2938775510204	72.5102040816327	0.693877551020408	9.4	11.97	SUMMER
5	2	17.1897959183673	87.1836734693878	0.385714285714286	2.7	4.72	SUMMER
9	3	16.4448979591837	82.8571428571429	0.473469387755102	0	6.71	SUMMER
9	3	18.2551020408163	75.734693877551	0.581632653061224	0	9.8	SUMMER
1	3	18.069387755102	77.7551020408163	0.544897959183673	0	11.43	SUMMER
5	3	18.0469387755102	72.8775510204082	0.618367346938775	0	11.79	SUMMER
5	3	18.2040816326531	70.1428571428571	0.714285714285714	0	12.16	SUMMER
5	1	20.5183673469388	73.1632653061225	0.953061224489796	6.7	11.76	SUMMER
5	1	17.9020408163265	78.3061224489796	0.446938775510204	0	6.08	SUMMER
5	1	18.169387755102	78.8571428571429	0.410204081632653	0	4.17	SUMMER
5	1	20.0367346938776	72.8979591836735	0.83469387755102	14.4	0.91	SUMMER
5	3	16.9408163265306	83.8367346938775	0.459183673469388	1.5	0.54	SUMMER
5	1	18.6367346938775	80.1020408163265	0.522448979591837	0	0.63	SUMMER
5	1	19.9469387755102	73.6530612244898	0.520408163265306	0	2.81	SUMMER
9	1	19.1979591836735	73.5102040816327	0.393877551020408	0	4.54	SUMMER
5	3	20.4040816326531	71.6122448979592	0.563265306122449	0	5.9	SUMMER
5	3	20.5204081632653	73.530612244898	0.491836734693878	0	8.16	SUMMER
5	3	20.165306122449	73.1632653061225	0.569387755102041	0	14.97	SUMMER
5	1	20.4448979591837	68.7142857142857	0.524489795918367	0	14.42	SUMMER
5	3	20.2367346938776	73.6530612244898	0.806122448979592	2.8	10.15	SUMMER
9	3	14.5122448979592	83.3877551020408	0.528571428571429	0	3.99	SUMMER
5	3	14.0387755102041	78.9387755102041	0.508163265306122	0	4.35	SUMMER
1	1	16.330612244898	72.734693877551	0.520408163265306	0	10.89	SUMMER
2	5	19.5489795918367	71.2857142857143	0.926530612244898	0	13.06	SUMMER
5	1	20.730612244898	70.1224489795918	0.751020408163265	0	18.68	SUMMER
5	1	20.9122448979592	69.2244897959184	0.677551020408163	0	17.42	SUMMER
5	1	15.2918367346939	89.6530612244898	0.506122448979592	18.8	3.99	SUMMER
4	3	11.6979591836735	75.9795918367347	0.636734693877551	0	4.35	SUMMER
9	3	13.8244897959184	72.7142857142857	0.522448979591837	0	9.8	SUMMER
9	1	17.0877551020408	70.9387755102041	0.848979591836735	0	14.15	SUMMER
9	1	19.2387755102041	72.3265306122449	0.63469387755102	0	14.7	SUMMER
2	4	20.8102040816327	81	1.51632653061224	5.7	15.42	SUMMER
2	4	17.3387755102041	87.6326530612245	1.18163265306122	22.1	7.98	SUMMER
4	3	11.7265306122449	81.7959183673469	0.716326530612245	0	0.73	SUMMER
9	3	10.7224489795918	73.469387755102	0.755102040816327	0	3.63	SUMMER
4	3	10.8877551020408	74.8163265306122	0.618367346938775	0	5.81	SUMMER
9	3	13.9632653061224	72.7142857142857	0.773469387755102	0	8.35	SUMMER
9	3	15.0142857142857	77.6122448979592	0.657142857142857	0	8.53	SUMMER
9	3	15.6836734693878	75.4897959183673	0.602040816326531	0	12.34	SUMMER
9	2	15.0183673469388	85	0.783673469387755	0.8	15.06	SUMMER
5	3	15.830612244898	79.1836734693878	0.695918367346939	0	16.51	SUMMER
9	3	13.7530612244898	82.3061224489796	0.46530612244898	0	13.61	SUMMER
9	3	13.1979591836735	90.8775510204082	0.424489795918367	7	7.98	SUMMER
9	1	15.0714285714286	87.5714285714286	0.389795918367347	0.1	4.17	SUMMER
5	1	15.9612244897959	89.6530612244898	0.383673469387755	10.1	5.08	SUMMER
5	1	15.2367346938776	91	0.306122448979592	0.1	1.09	SUMMER
5	3	15.1612244897959	90.8163265306122	0.253061224489796	0	11.25	SUMMER
5	3	15.5551020408163	85.6938775510204	0.446938775510204	1	11.43	SUMMER
9	3	12.9510204081633	89.3469387755102	0.285714285714286	0.7	13.61	SUMMER
9	3	11.0326530612245	81.4285714285714	0.528571428571429	0	15.6	SUMMER
9	3	11.3714285714286	82.5714285714286	0.36734693877551	0	25.04	SUMMER
5	1	12.230612244898	79.4285714285714	0.348979591836735	0	24.67	SUMMER
9	1	13.0061224489796	78.1224489795918	0.414285714285714	0	28.48	SUMMER
2	1	13.4040816326531	81.9591836734694	0.420408163265306	0	31.75	SUMMER
5	5	14.834693877551	81.9795918367347	1.09387755102041	13.9	24.67	AUTOMN
9	3	8.78775510204082	94.469387755102	0.455102040816327	0.4	6.53	AUTOMN
9	3	6.98775510204082	83.3265306122449	0.483673469387755	0	10.89	AUTOMN
9	1	10.1265306122449	81.1428571428571	0.616326530612245	0	13.25	AUTOMN
9	5	14.1489795918367	82.4897959183673	0.9	0	15.78	AUTOMN
2	5	15.5	80.5714285714286	1.05510204081633	0	15.6	AUTOMN
5	5	14.7795918367347	80.9183673469388	0.395918367346939	0	15.06	AUTOMN
3	5	14.3571428571429	81.0612244897959	0.738775510204082	0	16.33	AUTOMN
3	1	16	81.4489795918367	0.475510204081633	0.1	17.24	AUTOMN
3	1	14.2612244897959	90.1632653061225	0.440816326530612	7.1	10.52	AUTOMN
5	1	11.7918367346939	84.2244897959184	0.559183673469388	1.6	4.17	AUTOMN
5	1	3.99387755102041	95.6938775510204	0.56530612244898	27	3.27	AUTOMN
9	2	4.39183673469388	73.6326530612245	0.86734693877551	0	1.81	AUTOMN
9	2	1.30204081632653	70.3673469387755	0.716326530612245	0	2.54	AUTOMN
9	2	1.09183673469388	71.6122448979592	0.471428571428571	0	4.54	AUTOMN
9	3	3.18367346938776	73.734693877551	0.46734693877551	0	7.8	AUTOMN
9	1	4.78571428571429	77.0408163265306	0.618367346938775	0.1	11.25	AUTOMN
9	3	3.54897959183673	79.734693877551	0.93265306122449	0	4.54	AUTOMN
9	3	2.04489795918367	81.6122448979592	0.7	0	4.72	AUTOMN
9	3	4.93469387755102	77.6326530612245	0.969387755102041	0	10.61	AUTOMN
5	4	11.4122448979592	75	2.09795918367347	1.5	7.8	AUTOMN
5	4	8.74285714285714	95.8571428571429	0.771428571428571	25.6	4.72	AUTOMN
5	3	9.38775510204082	94.4489795918367	0.744897959183674	40.9	2	AUTOMN
5	3	8.40816326530612	94.7755102040816	0.161224489795918	0.9	1.9	AUTOMN
5	3	9.57551020408163	91.7142857142857	0.226530612244898	0	9.8	AUTOMN
5	3	9.85102040816327	93.2244897959184	0.16734693877551	0	14.06	AUTOMN
5	3	6.32448979591837	82.7755102040816	0.430612244897959	0	5.81	AUTOMN
5	1	5.52857142857143	84.6734693877551	0.338775510204082	0	6.53	AUTOMN
5	3	7.69795918367347	83.2244897959184	0.463265306122449	0.6	8.07	AUTOMN
9	3	1.69795918367347	84.0612244897959	0.653061224489796	0	12.7	AUTOMN
9	3	-0.793877551020408	83.4897959183673	0.516326530612245	0	15.6	AUTOMN
5	3	-0.359183673469388	81.8367346938775	0.33265306122449	0	9.8	AUTOMN
9	1	3.81428571428571	91.734693877551	0.775510204081633	19.1	17.05	AUTOMN
7	3	0.0693877551020408	97.1428571428571	0.291836734693878	5	9.97642	AUTOMN
1	3	0.469387755102041	98.3265306122449	0.314285714285714	16.9	4.35335	AUTOMN
1	1	2.83469387755102	97.734693877551	0.23469387755102	5.1	4.89663	AUTOMN
1	3	2.85918367346939	98	0.253061224489796	10.1	2.72134	AUTOMN
5	1	2.75102040816327	96.3877551020408	0.324489795918367	0	2.9017	AUTOMN
5	2	3.0469387755102	98.4897959183673	0.226530612244898	11.1	3.80918	AUTOMN
5	1	5.54489795918367	96.9183673469388	0.408163265306122	0	7.79833	AUTOMN
5	3	5.37551020408163	93.2857142857143	0.340816326530612	1.2	3.62779	AUTOMN
2	1	1.12857142857143	90.3877551020408	0.13469387755102	0	3.62779	AUTOMN
2	1	2.19591836734694	86.7551020408163	0.444897959183673	0	8.88808	AUTOMN
2	5	7.84285714285714	85.2244897959184	1.20408163265306	0	12.33448	AUTOMN
2	5	11.4142857142857	83.5510204081633	1.76122448979592	1.6	6.16724	AUTOMN
2	5	11.7979591836735	83.8979591836735	1.33265306122449	1.9	5.44168	AUTOMN
3	5	11.3877551020408	90.4897959183673	1.08979591836735	1.9	11.79	AUTOMN
3	5	10.9326530612245	82.9795918367347	1.41224489795918	0	13.79	AUTOMN
3	5	7.72448979591837	88.7755102040816	0.640816326530612	0	6.89	AUTOMN
5	1	4.51224489795918	88.4489795918367	0.228571428571429	0	10.07	AUTOMN
2	1	6.31836734693878	85.5510204081633	0.477551020408163	0	10.34	AUTOMN
2	1	5.13265306122449	78.1632653061225	0.471428571428571	0	11.25	AUTOMN
2	5	8.87142857142857	82.0408163265306	1.19591836734694	3.1	14.15	AUTOMN
5	5	8.75918367346939	88.0612244897959	0.912244897959184	2.2	8.53	AUTOMN
3	5	5.00816326530612	85.9795918367347	0.663265306122449	0	10.98	AUTOMN
3	5	8.75918367346939	78.8571428571429	1.17142857142857	0	9.07	AUTOMN
3	4	10.3938775510204	81.3061224489796	1.56938775510204	4.9	9.07	AUTOMN
3	4	8.3265306122449	93.9591836734694	0.861224489795918	20.1	7.08	AUTOMN
2	5	5.10816326530612	96.469387755102	0.355102040816327	3.5	3.63	AUTOMN
3	4	9.72448979591837	78.3061224489796	2.11632653061224	1	6.35	AUTOMN
3	4	11.7142857142857	70.265306122449	2.22040816326531	16.9	6.53	AUTOMN
3	5	2.94489795918367	96.6326530612245	0.23469387755102	0.8	2.9	WINTER
3	3	2.58163265306122	97.530612244898	0.189795918367347	0	4.35	WINTER
3	3	2.38775510204082	94.4489795918367	0.322448979591837	0	5.81	WINTER
3	3	0.96530612244898	97.3673469387755	0.279591836734694	10.5	5.44	WINTER
9	3	0.873469387755102	97.8979591836735	0.206122448979592	0	5.99	WINTER
5	1	0.126530612244898	98.3673469387755	0.130612244897959	0	6.9	WINTER
5	1	6.46122448979592	94.8979591836735	0.638775510204082	1.8	6.71	WINTER
2	2	1.34489795918367	96.2448979591837	0.216326530612245	0	7.8	WINTER
4	3	1.43877551020408	92.3877551020408	0.351020408163265	2.3	6.71	WINTER
2	1	2.60408163265306	92.2448979591837	0.693877551020408	1	7.08	WINTER
5	3	-0.361224489795918	76.734693877551	1.2734693877551	0	13.79	WINTER
5	3	-2.33061224489796	82.5918367346939	1.1734693877551	3.9	18.51	WINTER
5	3	-3.89183673469388	89.5918367346939	0.86734693877551	5.1	14.33	WINTER
1	3	-4.9469387755102	85.5714285714286	0.969387755102041	1.8	16.15	WINTER
1	3	-5.60816326530612	87.3061224489796	0.408163265306122	0.6	23.77	WINTER
1	3	-7.11632653061224	85.8571428571429	0.491836734693878	0.3	24.31	WINTER
1	3	-9.39183673469388	83.8163265306122	0.53265306122449	15.9	23.4	WINTER
1	3	-11.8816326530612	83.9591836734694	0.395918367346939	12.8	32.84	WINTER
5	1	-15.1122448979592	79.9795918367347	0.353061224489796	0	18.51	WINTER
5	4	1.62040816326531	92.2040816326531	1.61428571428571	16.9	4.54	WINTER
5	4	7.69387755102041	93.6122448979592	2.52448979591837	29.2	3.81	WINTER
2	4	10.0102040816327	85.5918367346939	2.76530612244898	24.2	6.89	WINTER
3	4	11.6755102040816	89.4081632653061	2.3530612244898	16.6	8.53	WINTER
3	4	8.33469387755102	89.9795918367347	1.85918367346939	14.3	2.18	WINTER
3	1	3.91632653061225	85.9795918367347	0.53265306122449	2.5	4.17	WINTER
3	1	1.1734693877551	94.3877551020408	0.36530612244898	0.8	6.17	WINTER
9	1	3.79795918367347	96.9183673469388	0.630612244897959	2.5	11.07	WINTER
7	5	10.0469387755102	85.4489795918367	2.78571428571429	9.3	5.8	WINTER
2	5	8.67142857142857	92.1224489795918	1.09795918367347	16	5.62	WINTER
